datetime,count
2011-01-20 00:00:00,12
2011-01-20 01:00:00,4
2011-01-20 02:00:00,3
2011-01-20 03:00:00,3
2011-01-20 04:00:00,2
2011-01-20 05:00:00,7
2011-01-20 06:00:00,43
2011-01-20 07:00:00,101
2011-01-20 08:00:00,233
2011-01-20 09:00:00,129
2011-01-20 10:00:00,67
2011-01-20 11:00:00,56
2011-01-20 12:00:00,65
2011-01-20 13:00:00,64
2011-01-20 14:00:00,60
2011-01-20 15:00:00,61
2011-01-20 16:00:00,87
2011-01-20 17:00:00,187
2011-01-20 18:00:00,143
2011-01-20 19:00:00,115
2011-01-20 20:00:00,69
2011-01-20 21:00:00,52
2011-01-20 22:00:00,30
2011-01-20 23:00:00,12
2011-01-21 00:00:00,9
2011-01-21 01:00:00,3
2011-01-21 02:00:00,5
2011-01-21 03:00:00,2
2011-01-21 04:00:00,2
2011-01-21 05:00:00,6
2011-01-21 06:00:00,35
2011-01-21 07:00:00,85
2011-01-21 08:00:00,222
2011-01-21 09:00:00,115
2011-01-21 10:00:00,46
2011-01-21 11:00:00,58
2011-01-21 12:00:00,55
2011-01-21 13:00:00,49
2011-01-21 14:00:00,53
2011-01-21 15:00:00,54
2011-01-21 16:00:00,69
2011-01-21 17:00:00,173
2011-01-21 18:00:00,145
2011-01-21 19:00:00,102
2011-01-21 20:00:00,68
2011-01-21 21:00:00,47
2011-01-21 22:00:00,34
2011-01-21 23:00:00,21
2011-01-22 00:00:00,16
2011-01-22 01:00:00,19
2011-01-22 02:00:00,17
2011-01-22 03:00:00,6
2011-01-22 04:00:00,1
2011-01-22 06:00:00,3
2011-01-22 07:00:00,7
2011-01-22 08:00:00,27
2011-01-22 09:00:00,36
2011-01-22 10:00:00,51
2011-01-22 11:00:00,81
2011-01-22 12:00:00,87
2011-01-22 13:00:00,73
2011-01-22 14:00:00,88
2011-01-22 15:00:00,82
2011-01-22 16:00:00,72
2011-01-22 17:00:00,75
2011-01-22 18:00:00,57
2011-01-22 19:00:00,55
2011-01-22 20:00:00,35
2011-01-22 21:00:00,34
2011-01-22 22:00:00,21
2011-01-22 23:00:00,16
2011-01-23 00:00:00,23
2011-01-23 01:00:00,23
2011-01-23 02:00:00,12
2011-01-23 03:00:00,11
2011-01-23 05:00:00,3
2011-01-23 06:00:00,3
2011-01-23 07:00:00,8
2011-01-23 08:00:00,22
2011-01-23 09:00:00,29
2011-01-23 10:00:00,54
2011-01-23 11:00:00,60
2011-01-23 12:00:00,77
2011-01-23 13:00:00,99
2011-01-23 14:00:00,91
2011-01-23 15:00:00,96
2011-01-23 16:00:00,80
2011-01-23 17:00:00,94
2011-01-23 18:00:00,57
2011-01-23 19:00:00,48
2011-01-23 20:00:00,35
2011-01-23 21:00:00,32
2011-01-23 22:00:00,27
2011-01-23 23:00:00,14
2011-01-24 00:00:00,10
2011-01-24 01:00:00,5
2011-01-24 03:00:00,2
2011-01-24 04:00:00,2
2011-01-24 05:00:00,8
2011-01-24 06:00:00,33
2011-01-24 07:00:00,80
2011-01-24 08:00:00,195
2011-01-24 09:00:00,107
2011-01-24 10:00:00,48
2011-01-24 11:00:00,50
2011-01-24 12:00:00,60
2011-01-24 13:00:00,52
2011-01-24 14:00:00,48
2011-01-24 15:00:00,52
2011-01-24 16:00:00,68
2011-01-24 17:00:00,167
2011-01-24 18:00:00,147
2011-01-24 19:00:00,94
2011-01-24 20:00:00,70
2011-01-24 21:00:00,42
2011-01-24 22:00:00,32
2011-01-24 23:00:00,15
2011-01-25 00:00:00,8
2011-01-25 01:00:00,4
2011-01-25 02:00:00,3
2011-01-25 04:00:00,2
2011-01-25 05:00:00,6
2011-01-25 06:00:00,29
2011-01-25 07:00:00,84
2011-01-25 08:00:00,183
2011-01-25 09:00:00,117
2011-01-25 10:00:00,66
2011-01-25 11:00:00,59
2011-01-25 12:00:00,65
2011-01-25 13:00:00,60
2011-01-25 14:00:00,54
2011-01-25 15:00:00,60
2011-01-25 16:00:00,78
2011-01-25 17:00:00,215
2011-01-25 18:00:00,186
2011-01-25 19:00:00,102
2011-01-25 20:00:00,69
2011-01-25 21:00:00,53
2011-01-25 22:00:00,38
2011-01-25 23:00:00,17
2011-01-26 00:00:00,10
2011-01-26 01:00:00,4
2011-01-26 02:00:00,3
2011-01-26 05:00:00,4
2011-01-26 06:00:00,23
2011-01-26 07:00:00,57
2011-01-26 08:00:00,109
2011-01-26 09:00:00,60
2011-01-26 10:00:00,35
2011-01-26 11:00:00,28
2011-01-26 12:00:00,31
2011-01-26 13:00:00,30
2011-01-26 14:00:00,24
2011-01-26 15:00:00,23
2011-01-26 16:00:00,55
2011-01-26 17:00:00,96
2011-01-27 16:00:00,77
2011-01-27 17:00:00,174
2011-01-27 18:00:00,122
2011-01-27 19:00:00,82
2011-01-27 20:00:00,64
2011-01-27 21:00:00,50
2011-01-27 22:00:00,36
2011-01-27 23:00:00,18
2011-01-28 00:00:00,11
2011-01-28 01:00:00,5
2011-01-28 02:00:00,3
2011-01-28 03:00:00,2
2011-01-28 05:00:00,9
2011-01-28 06:00:00,36
2011-01-28 07:00:00,88
2011-01-28 08:00:00,156
2011-01-28 09:00:00,77
2011-01-28 10:00:00,37
2011-01-28 11:00:00,37
2011-01-28 12:00:00,41
2011-01-28 13:00:00,39
2011-01-28 14:00:00,34
2011-01-28 15:00:00,47
2011-01-28 16:00:00,82
2011-01-28 17:00:00,171
2011-01-28 18:00:00,152
2011-01-28 19:00:00,114
2011-01-28 20:00:00,62
2011-01-28 21:00:00,55
2011-01-28 22:00:00,31
2011-01-28 23:00:00,22
2011-01-29 00:00:00,18
2011-01-29 01:00:00,22
2011-01-29 02:00:00,13
2011-01-29 03:00:00,11
2011-01-29 04:00:00,2
2011-01-29 06:00:00,3
2011-01-29 07:00:00,10
2011-01-29 08:00:00,34
2011-01-29 09:00:00,49
2011-01-29 10:00:00,58
2011-01-29 11:00:00,76
2011-01-29 12:00:00,78
2011-01-29 13:00:00,70
2011-01-29 14:00:00,94
2011-01-29 15:00:00,71
2011-01-29 16:00:00,82
2011-01-29 17:00:00,85
2011-01-29 18:00:00,54
2011-01-29 19:00:00,40
2011-01-29 20:00:00,37
2011-01-29 21:00:00,35
2011-01-29 22:00:00,26
2011-01-29 23:00:00,14
2011-01-30 00:00:00,21
2011-01-30 01:00:00,22
2011-01-30 02:00:00,16
2011-01-30 03:00:00,6
2011-01-30 04:00:00,2
2011-01-30 05:00:00,2
2011-01-30 07:00:00,7
2011-01-30 08:00:00,20
2011-01-30 09:00:00,41
2011-01-30 10:00:00,63
2011-01-30 11:00:00,76
2011-01-30 12:00:00,110
2011-01-30 13:00:00,110
2011-01-30 14:00:00,106
2011-01-30 15:00:00,110
2011-01-30 16:00:00,95
2011-01-30 17:00:00,94
2011-01-30 18:00:00,56
2011-01-30 19:00:00,50
2011-01-30 20:00:00,37
2011-01-30 21:00:00,33
2011-01-30 22:00:00,23
2011-01-30 23:00:00,12
2011-01-31 00:00:00,9
2011-01-31 01:00:00,4
2011-01-31 02:00:00,2
2011-01-31 03:00:00,3
2011-01-31 04:00:00,2
2011-01-31 05:00:00,5
2011-01-31 06:00:00,27
2011-01-31 07:00:00,75
2011-01-31 08:00:00,193
2011-01-31 09:00:00,107
2011-01-31 10:00:00,49
2011-01-31 11:00:00,50
2011-01-31 12:00:00,64
2011-01-31 13:00:00,54
2011-01-31 14:00:00,54
2011-01-31 15:00:00,52
2011-01-31 16:00:00,65
2011-01-31 17:00:00,160
2011-01-31 18:00:00,152
2011-01-31 19:00:00,142
2011-01-31 20:00:00,46
2011-01-31 21:00:00,34
2011-01-31 22:00:00,39
2011-01-31 23:00:00,17
2011-02-20 00:00:00,34
2011-02-20 01:00:00,19
2011-02-20 02:00:00,20
2011-02-20 03:00:00,8
2011-02-20 04:00:00,2
2011-02-20 06:00:00,3
2011-02-20 07:00:00,9
2011-02-20 08:00:00,33
2011-02-20 09:00:00,46
2011-02-20 10:00:00,84
2011-02-20 11:00:00,125
2011-02-20 12:00:00,145
2011-02-20 13:00:00,154
2011-02-20 14:00:00,148
2011-02-20 15:00:00,195
2011-02-20 16:00:00,152
2011-02-20 17:00:00,146
2011-02-20 18:00:00,117
2011-02-20 19:00:00,86
2011-02-20 20:00:00,58
2011-02-20 21:00:00,51
2011-02-20 22:00:00,52
2011-02-20 23:00:00,32
2011-02-21 00:00:00,34
2011-02-21 01:00:00,20
2011-02-21 02:00:00,16
2011-02-21 03:00:00,6
2011-02-21 04:00:00,3
2011-02-21 05:00:00,3
2011-02-21 06:00:00,10
2011-02-21 07:00:00,22
2011-02-21 08:00:00,33
2011-02-21 09:00:00,48
2011-02-21 10:00:00,64
2011-02-21 11:00:00,104
2011-02-21 12:00:00,128
2011-02-21 13:00:00,51
2011-02-21 14:00:00,81
2011-02-21 15:00:00,84
2011-02-21 16:00:00,51
2011-02-21 17:00:00,66
2011-02-21 18:00:00,61
2011-02-21 19:00:00,45
2011-02-21 20:00:00,22
2011-02-21 21:00:00,19
2011-02-21 22:00:00,20
2011-02-21 23:00:00,12
2011-02-22 06:00:00,32
2011-02-22 07:00:00,83
2011-02-22 08:00:00,185
2011-02-22 09:00:00,119
2011-02-22 10:00:00,40
2011-02-22 11:00:00,45
2011-02-22 12:00:00,69
2011-02-22 13:00:00,65
2011-02-22 14:00:00,53
2011-02-22 15:00:00,73
2011-02-22 16:00:00,83
2011-02-22 17:00:00,162
2011-02-22 18:00:00,160
2011-02-22 19:00:00,90
2011-02-22 20:00:00,72
2011-02-22 21:00:00,46
2011-02-22 22:00:00,38
2011-02-22 23:00:00,23
2011-02-23 00:00:00,11
2011-02-23 01:00:00,4
2011-02-23 02:00:00,2
2011-02-23 03:00:00,1
2011-02-23 05:00:00,7
2011-02-23 06:00:00,35
2011-02-23 07:00:00,110
2011-02-23 08:00:00,211
2011-02-23 09:00:00,142
2011-02-23 10:00:00,53
2011-02-23 11:00:00,65
2011-02-23 12:00:00,80
2011-02-23 13:00:00,85
2011-02-23 14:00:00,72
2011-02-23 15:00:00,90
2011-02-23 16:00:00,91
2011-02-23 17:00:00,273
2011-02-23 18:00:00,200
2011-02-23 19:00:00,125
2011-02-23 20:00:00,94
2011-02-23 21:00:00,59
2011-02-23 22:00:00,50
2011-02-23 23:00:00,27
2011-02-24 00:00:00,13
2011-02-24 01:00:00,6
2011-02-24 02:00:00,1
2011-02-24 03:00:00,2
2011-02-24 05:00:00,7
2011-02-24 06:00:00,35
2011-02-24 07:00:00,97
2011-02-24 08:00:00,224
2011-02-24 09:00:00,100
2011-02-24 10:00:00,50
2011-02-24 11:00:00,57
2011-02-24 12:00:00,87
2011-02-24 13:00:00,76
2011-02-24 14:00:00,65
2011-02-24 15:00:00,52
2011-02-24 16:00:00,57
2011-02-24 17:00:00,186
2011-02-24 18:00:00,186
2011-02-24 19:00:00,62
2011-02-24 20:00:00,75
2011-02-24 21:00:00,67
2011-02-24 22:00:00,31
2011-02-24 23:00:00,24
2011-02-25 00:00:00,10
2011-02-25 01:00:00,6
2011-02-25 02:00:00,4
2011-02-25 03:00:00,2
2011-02-25 05:00:00,6
2011-02-25 06:00:00,46
2011-02-25 07:00:00,80
2011-02-25 08:00:00,227
2011-02-25 09:00:00,64
2011-02-25 10:00:00,31
2011-02-25 11:00:00,89
2011-02-25 12:00:00,105
2011-02-25 13:00:00,104
2011-02-25 14:00:00,71
2011-02-25 15:00:00,95
2011-02-25 16:00:00,77
2011-02-25 17:00:00,188
2011-02-25 18:00:00,140
2011-02-25 19:00:00,123
2011-02-25 20:00:00,75
2011-02-25 21:00:00,58
2011-02-25 22:00:00,43
2011-02-25 23:00:00,24
2011-02-26 00:00:00,27
2011-02-26 01:00:00,16
2011-02-26 02:00:00,18
2011-02-26 03:00:00,11
2011-02-26 04:00:00,3
2011-02-26 05:00:00,2
2011-02-26 06:00:00,3
2011-02-26 07:00:00,12
2011-02-26 08:00:00,34
2011-02-26 09:00:00,51
2011-02-26 10:00:00,96
2011-02-26 11:00:00,105
2011-02-26 12:00:00,150
2011-02-26 13:00:00,137
2011-02-26 14:00:00,131
2011-02-26 15:00:00,154
2011-02-26 16:00:00,136
2011-02-26 17:00:00,148
2011-02-26 18:00:00,103
2011-02-26 19:00:00,61
2011-02-26 20:00:00,62
2011-02-26 21:00:00,42
2011-02-26 22:00:00,39
2011-02-26 23:00:00,21
2011-02-27 00:00:00,26
2011-02-27 01:00:00,27
2011-02-27 02:00:00,29
2011-02-27 03:00:00,11
2011-02-27 04:00:00,3
2011-02-27 06:00:00,4
2011-02-27 07:00:00,16
2011-02-27 08:00:00,35
2011-02-27 09:00:00,61
2011-02-27 10:00:00,90
2011-02-27 11:00:00,148
2011-02-27 12:00:00,175
2011-02-27 13:00:00,155
2011-02-27 14:00:00,150
2011-02-27 15:00:00,243
2011-02-27 16:00:00,192
2011-02-27 17:00:00,160
2011-02-27 18:00:00,122
2011-02-27 19:00:00,95
2011-02-27 20:00:00,80
2011-02-27 21:00:00,71
2011-02-27 22:00:00,54
2011-02-27 23:00:00,40
2011-02-28 00:00:00,22
2011-02-28 01:00:00,4
2011-02-28 03:00:00,1
2011-02-28 05:00:00,8
2011-02-28 06:00:00,38
2011-02-28 07:00:00,137
2011-02-28 08:00:00,218
2011-02-28 09:00:00,167
2011-02-28 10:00:00,70
2011-02-28 11:00:00,86
2011-02-28 12:00:00,98
2011-02-28 13:00:00,48
2011-02-28 14:00:00,22
2011-02-28 15:00:00,25
2011-02-28 16:00:00,50
2011-02-28 17:00:00,77
2011-02-28 18:00:00,113
2011-02-28 19:00:00,48
2011-02-28 20:00:00,34
2011-02-28 21:00:00,70
2011-02-28 22:00:00,30
2011-02-28 23:00:00,20
2011-03-20 00:00:00,41
2011-03-20 01:00:00,21
2011-03-20 02:00:00,18
2011-03-20 03:00:00,16
2011-03-20 04:00:00,2
2011-03-20 05:00:00,2
2011-03-20 06:00:00,5
2011-03-20 07:00:00,12
2011-03-20 08:00:00,41
2011-03-20 09:00:00,58
2011-03-20 10:00:00,95
2011-03-20 11:00:00,146
2011-03-20 12:00:00,178
2011-03-20 13:00:00,186
2011-03-20 14:00:00,184
2011-03-20 15:00:00,228
2011-03-20 16:00:00,178
2011-03-20 17:00:00,186
2011-03-20 18:00:00,151
2011-03-20 19:00:00,105
2011-03-20 20:00:00,66
2011-03-20 21:00:00,61
2011-03-20 22:00:00,44
2011-03-20 23:00:00,19
2011-03-21 00:00:00,19
2011-03-21 01:00:00,7
2011-03-21 02:00:00,6
2011-03-21 03:00:00,2
2011-03-21 05:00:00,12
2011-03-21 06:00:00,38
2011-03-21 07:00:00,63
2011-03-21 08:00:00,177
2011-03-21 09:00:00,171
2011-03-21 10:00:00,87
2011-03-21 11:00:00,120
2011-03-21 12:00:00,143
2011-03-21 13:00:00,182
2011-03-21 14:00:00,181
2011-03-21 15:00:00,193
2011-03-21 16:00:00,251
2011-03-21 17:00:00,496
2011-03-21 18:00:00,416
2011-03-21 19:00:00,404
2011-03-21 20:00:00,264
2011-03-21 21:00:00,101
2011-03-21 22:00:00,114
2011-03-21 23:00:00,63
2011-03-22 00:00:00,23
2011-03-22 01:00:00,12
2011-03-22 02:00:00,7
2011-03-22 03:00:00,5
2011-03-22 04:00:00,5
2011-03-22 05:00:00,16
2011-03-22 06:00:00,79
2011-03-22 07:00:00,218
2011-03-22 08:00:00,380
2011-03-22 09:00:00,192
2011-03-22 10:00:00,98
2011-03-22 11:00:00,118
2011-03-22 12:00:00,187
2011-03-22 13:00:00,170
2011-03-22 14:00:00,184
2011-03-22 15:00:00,187
2011-03-22 16:00:00,255
2011-03-22 17:00:00,463
2011-03-22 18:00:00,427
2011-03-22 19:00:00,264
2011-03-22 20:00:00,170
2011-03-22 21:00:00,124
2011-03-22 22:00:00,109
2011-03-22 23:00:00,60
2011-03-23 00:00:00,23
2011-03-23 01:00:00,7
2011-03-23 02:00:00,6
2011-03-23 03:00:00,3
2011-03-23 05:00:00,10
2011-03-23 06:00:00,57
2011-03-23 07:00:00,158
2011-03-23 08:00:00,204
2011-03-23 09:00:00,154
2011-03-23 10:00:00,80
2011-03-23 11:00:00,77
2011-03-23 12:00:00,85
2011-03-23 13:00:00,61
2011-03-23 14:00:00,73
2011-03-23 15:00:00,123
2011-03-23 16:00:00,167
2011-03-23 17:00:00,346
2011-03-23 18:00:00,235
2011-03-23 19:00:00,157
2011-03-23 20:00:00,34
2011-03-23 21:00:00,31
2011-03-23 22:00:00,54
2011-03-23 23:00:00,28
2011-03-24 00:00:00,10
2011-03-24 01:00:00,8
2011-03-24 02:00:00,8
2011-03-24 03:00:00,2
2011-03-24 04:00:00,3
2011-03-24 05:00:00,11
2011-03-24 06:00:00,57
2011-03-24 07:00:00,96
2011-03-24 08:00:00,142
2011-03-24 09:00:00,141
2011-03-24 10:00:00,68
2011-03-24 11:00:00,77
2011-03-24 12:00:00,94
2011-03-24 13:00:00,103
2011-03-24 14:00:00,78
2011-03-24 15:00:00,88
2011-03-24 16:00:00,117
2011-03-24 17:00:00,252
2011-03-24 18:00:00,234
2011-03-24 19:00:00,180
2011-03-24 20:00:00,114
2011-03-24 21:00:00,75
2011-03-24 22:00:00,62
2011-03-24 23:00:00,29
2011-03-25 00:00:00,13
2011-03-25 01:00:00,8
2011-03-25 02:00:00,5
2011-03-25 03:00:00,3
2011-03-25 04:00:00,4
2011-03-25 05:00:00,13
2011-03-25 06:00:00,58
2011-03-25 07:00:00,161
2011-03-25 08:00:00,284
2011-03-25 09:00:00,162
2011-03-25 10:00:00,77
2011-03-25 11:00:00,76
2011-03-25 12:00:00,117
2011-03-25 13:00:00,110
2011-03-25 14:00:00,125
2011-03-25 15:00:00,123
2011-03-25 16:00:00,167
2011-03-25 17:00:00,339
2011-03-25 18:00:00,250
2011-03-25 19:00:00,194
2011-03-25 20:00:00,123
2011-03-25 21:00:00,85
2011-03-25 22:00:00,66
2011-03-25 23:00:00,36
2011-03-26 00:00:00,45
2011-03-26 01:00:00,35
2011-03-26 02:00:00,33
2011-03-26 03:00:00,11
2011-03-26 04:00:00,5
2011-03-26 05:00:00,4
2011-03-26 06:00:00,7
2011-03-26 07:00:00,9
2011-03-26 08:00:00,45
2011-03-26 09:00:00,86
2011-03-26 10:00:00,131
2011-03-26 11:00:00,143
2011-03-26 12:00:00,168
2011-03-26 13:00:00,206
2011-03-26 14:00:00,210
2011-03-26 15:00:00,231
2011-03-26 16:00:00,202
2011-03-26 17:00:00,179
2011-03-26 18:00:00,160
2011-03-26 19:00:00,93
2011-03-26 20:00:00,70
2011-03-26 21:00:00,54
2011-03-26 22:00:00,49
2011-03-26 23:00:00,31
2011-03-27 00:00:00,50
2011-03-27 01:00:00,31
2011-03-27 02:00:00,25
2011-03-27 03:00:00,12
2011-03-27 04:00:00,4
2011-03-27 06:00:00,5
2011-03-27 07:00:00,12
2011-03-27 08:00:00,36
2011-03-27 09:00:00,71
2011-03-27 10:00:00,95
2011-03-27 11:00:00,126
2011-03-27 12:00:00,176
2011-03-27 13:00:00,170
2011-03-27 14:00:00,186
2011-03-27 15:00:00,191
2011-03-27 16:00:00,180
2011-03-27 17:00:00,177
2011-03-27 18:00:00,122
2011-03-27 19:00:00,102
2011-03-27 20:00:00,74
2011-03-27 21:00:00,57
2011-03-27 22:00:00,54
2011-03-27 23:00:00,36
2011-03-28 00:00:00,11
2011-03-28 01:00:00,9
2011-03-28 02:00:00,5
2011-03-28 03:00:00,2
2011-03-28 05:00:00,14
2011-03-28 06:00:00,56
2011-03-28 07:00:00,149
2011-03-28 08:00:00,283
2011-03-28 09:00:00,179
2011-03-28 10:00:00,80
2011-03-28 11:00:00,87
2011-03-28 12:00:00,108
2011-03-28 13:00:00,108
2011-03-28 14:00:00,101
2011-03-28 15:00:00,110
2011-03-28 16:00:00,160
2011-03-28 17:00:00,302
2011-03-28 18:00:00,235
2011-03-28 19:00:00,194
2011-03-28 20:00:00,132
2011-03-28 21:00:00,91
2011-03-28 22:00:00,71
2011-03-28 23:00:00,35
2011-03-29 00:00:00,14
2011-03-29 01:00:00,7
2011-03-29 02:00:00,6
2011-03-29 03:00:00,2
2011-03-29 04:00:00,4
2011-03-29 05:00:00,14
2011-03-29 06:00:00,59
2011-03-29 07:00:00,162
2011-03-29 08:00:00,358
2011-03-29 09:00:00,171
2011-03-29 10:00:00,88
2011-03-29 11:00:00,98
2011-03-29 12:00:00,138
2011-03-29 13:00:00,115
2011-03-29 14:00:00,124
2011-03-29 15:00:00,171
2011-03-29 16:00:00,200
2011-03-29 17:00:00,409
2011-03-29 18:00:00,316
2011-03-29 19:00:00,212
2011-03-29 20:00:00,159
2011-03-29 21:00:00,90
2011-03-29 22:00:00,70
2011-03-29 23:00:00,43
2011-03-30 00:00:00,17
2011-03-30 01:00:00,9
2011-03-30 02:00:00,6
2011-03-30 03:00:00,2
2011-03-30 04:00:00,5
2011-03-30 05:00:00,15
2011-03-30 06:00:00,49
2011-03-30 07:00:00,152
2011-03-30 08:00:00,265
2011-03-30 09:00:00,154
2011-03-30 10:00:00,84
2011-03-30 11:00:00,90
2011-03-30 12:00:00,124
2011-03-30 13:00:00,117
2011-03-30 14:00:00,110
2011-03-30 15:00:00,42
2011-03-30 16:00:00,77
2011-03-30 17:00:00,186
2011-03-30 18:00:00,179
2011-03-30 19:00:00,141
2011-03-30 20:00:00,72
2011-03-30 21:00:00,71
2011-03-30 22:00:00,54
2011-03-30 23:00:00,21
2011-03-31 00:00:00,7
2011-03-31 01:00:00,8
2011-03-31 02:00:00,7
2011-03-31 03:00:00,2
2011-03-31 04:00:00,4
2011-03-31 05:00:00,9
2011-03-31 06:00:00,39
2011-03-31 07:00:00,126
2011-03-31 08:00:00,324
2011-03-31 09:00:00,110
2011-03-31 10:00:00,67
2011-03-31 11:00:00,54
2011-03-31 12:00:00,62
2011-03-31 13:00:00,52
2011-03-31 14:00:00,47
2011-03-31 15:00:00,40
2011-03-31 16:00:00,116
2011-03-31 17:00:00,222
2011-03-31 18:00:00,164
2011-03-31 19:00:00,135
2011-03-31 20:00:00,71
2011-03-31 21:00:00,64
2011-03-31 22:00:00,56
2011-03-31 23:00:00,27
2011-04-20 00:00:00,21
2011-04-20 01:00:00,10
2011-04-20 02:00:00,8
2011-04-20 03:00:00,2
2011-04-20 04:00:00,3
2011-04-20 05:00:00,10
2011-04-20 06:00:00,53
2011-04-20 07:00:00,99
2011-04-20 08:00:00,252
2011-04-20 09:00:00,167
2011-04-20 10:00:00,95
2011-04-20 11:00:00,114
2011-04-20 12:00:00,169
2011-04-20 13:00:00,160
2011-04-20 14:00:00,131
2011-04-20 15:00:00,159
2011-04-20 16:00:00,234
2011-04-20 17:00:00,414
2011-04-20 18:00:00,357
2011-04-20 19:00:00,296
2011-04-20 20:00:00,195
2011-04-20 21:00:00,154
2011-04-20 22:00:00,132
2011-04-20 23:00:00,77
2011-04-21 00:00:00,28
2011-04-21 01:00:00,11
2011-04-21 02:00:00,7
2011-04-21 03:00:00,3
2011-04-21 04:00:00,3
2011-04-21 05:00:00,12
2011-04-21 06:00:00,38
2011-04-21 07:00:00,137
2011-04-21 08:00:00,224
2011-04-21 09:00:00,149
2011-04-21 10:00:00,93
2011-04-21 11:00:00,104
2011-04-21 12:00:00,152
2011-04-21 13:00:00,135
2011-04-21 14:00:00,146
2011-04-21 15:00:00,146
2011-04-21 16:00:00,195
2011-04-21 17:00:00,360
2011-04-21 18:00:00,304
2011-04-21 19:00:00,211
2011-04-21 20:00:00,133
2011-04-21 21:00:00,104
2011-04-21 22:00:00,87
2011-04-21 23:00:00,44
2011-04-22 00:00:00,22
2011-04-22 01:00:00,9
2011-04-22 02:00:00,4
2011-04-22 03:00:00,3
2011-04-22 04:00:00,3
2011-04-22 05:00:00,12
2011-04-22 06:00:00,44
2011-04-22 07:00:00,140
2011-04-22 08:00:00,218
2011-04-22 09:00:00,81
2011-04-22 10:00:00,81
2011-04-22 11:00:00,58
2011-04-22 12:00:00,61
2011-04-22 13:00:00,52
2011-04-22 14:00:00,33
2011-04-22 15:00:00,53
2011-04-22 16:00:00,103
2011-04-22 17:00:00,142
2011-04-22 18:00:00,112
2011-04-22 19:00:00,85
2011-04-22 20:00:00,53
2011-04-22 21:00:00,58
2011-04-22 22:00:00,42
2011-04-22 23:00:00,28
2011-04-23 00:00:00,20
2011-04-23 01:00:00,25
2011-04-23 02:00:00,30
2011-04-23 03:00:00,12
2011-04-23 04:00:00,4
2011-04-23 05:00:00,4
2011-04-23 06:00:00,6
2011-04-23 07:00:00,22
2011-04-23 08:00:00,41
2011-04-23 09:00:00,45
2011-04-23 10:00:00,96
2011-04-23 11:00:00,134
2011-04-23 12:00:00,155
2011-04-23 13:00:00,196
2011-04-23 14:00:00,178
2011-04-23 15:00:00,195
2011-04-23 16:00:00,210
2011-04-23 17:00:00,236
2011-04-23 18:00:00,204
2011-04-23 19:00:00,161
2011-04-23 20:00:00,112
2011-04-23 21:00:00,113
2011-04-23 22:00:00,81
2011-04-23 23:00:00,67
2011-04-24 00:00:00,65
2011-04-24 01:00:00,40
2011-04-24 02:00:00,36
2011-04-24 03:00:00,12
2011-04-24 04:00:00,4
2011-04-24 05:00:00,4
2011-04-24 06:00:00,6
2011-04-24 07:00:00,21
2011-04-24 08:00:00,86
2011-04-24 09:00:00,120
2011-04-24 10:00:00,197
2011-04-24 11:00:00,264
2011-04-24 12:00:00,219
2011-04-24 13:00:00,229
2011-04-24 14:00:00,290
2011-04-24 15:00:00,218
2011-04-24 16:00:00,327
2011-04-24 17:00:00,264
2011-04-24 18:00:00,280
2011-04-24 19:00:00,177
2011-04-24 20:00:00,118
2011-04-24 21:00:00,77
2011-04-24 22:00:00,55
2011-04-24 23:00:00,40
2011-04-25 00:00:00,12
2011-04-25 01:00:00,9
2011-04-25 02:00:00,8
2011-04-25 03:00:00,2
2011-04-25 04:00:00,4
2011-04-25 05:00:00,10
2011-04-25 06:00:00,39
2011-04-25 07:00:00,129
2011-04-25 08:00:00,366
2011-04-25 09:00:00,219
2011-04-25 10:00:00,116
2011-04-25 11:00:00,122
2011-04-25 12:00:00,140
2011-04-25 13:00:00,131
2011-04-25 14:00:00,138
2011-04-25 15:00:00,133
2011-04-25 16:00:00,200
2011-04-25 17:00:00,384
2011-04-25 18:00:00,342
2011-04-25 19:00:00,257
2011-04-25 20:00:00,187
2011-04-25 21:00:00,129
2011-04-25 22:00:00,102
2011-04-25 23:00:00,49
2011-04-26 00:00:00,28
2011-04-26 01:00:00,9
2011-04-26 02:00:00,4
2011-04-26 03:00:00,3
2011-04-26 04:00:00,4
2011-04-26 05:00:00,17
2011-04-26 06:00:00,79
2011-04-26 07:00:00,231
2011-04-26 08:00:00,349
2011-04-26 09:00:00,169
2011-04-26 10:00:00,83
2011-04-26 11:00:00,106
2011-04-26 12:00:00,129
2011-04-26 13:00:00,129
2011-04-26 14:00:00,125
2011-04-26 15:00:00,128
2011-04-26 16:00:00,180
2011-04-26 17:00:00,385
2011-04-26 18:00:00,265
2011-04-26 19:00:00,208
2011-04-26 20:00:00,177
2011-04-26 21:00:00,139
2011-04-26 22:00:00,115
2011-04-26 23:00:00,54
2011-04-27 00:00:00,24
2011-04-27 01:00:00,10
2011-04-27 02:00:00,9
2011-04-27 03:00:00,3
2011-04-27 04:00:00,4
2011-04-27 05:00:00,10
2011-04-27 06:00:00,69
2011-04-27 07:00:00,216
2011-04-27 08:00:00,325
2011-04-27 09:00:00,160
2011-04-27 10:00:00,94
2011-04-27 11:00:00,101
2011-04-27 12:00:00,130
2011-04-27 13:00:00,126
2011-04-27 14:00:00,113
2011-04-27 15:00:00,98
2011-04-27 16:00:00,159
2011-04-27 17:00:00,210
2011-04-27 18:00:00,154
2011-04-27 19:00:00,207
2011-04-27 20:00:00,143
2011-04-27 21:00:00,127
2011-04-27 22:00:00,86
2011-04-27 23:00:00,48
2011-04-28 00:00:00,28
2011-04-28 01:00:00,7
2011-04-28 02:00:00,4
2011-04-28 03:00:00,3
2011-04-28 04:00:00,4
2011-04-28 05:00:00,14
2011-04-28 06:00:00,79
2011-04-28 07:00:00,211
2011-04-28 08:00:00,342
2011-04-28 09:00:00,140
2011-04-28 10:00:00,95
2011-04-28 11:00:00,88
2011-04-28 12:00:00,125
2011-04-28 13:00:00,99
2011-04-28 14:00:00,98
2011-04-28 15:00:00,120
2011-04-28 16:00:00,158
2011-04-28 17:00:00,436
2011-04-28 18:00:00,394
2011-04-28 19:00:00,293
2011-04-28 20:00:00,212
2011-04-28 21:00:00,147
2011-04-28 22:00:00,120
2011-04-28 23:00:00,71
2011-04-29 00:00:00,26
2011-04-29 01:00:00,14
2011-04-29 02:00:00,7
2011-04-29 03:00:00,5
2011-04-29 04:00:00,4
2011-04-29 05:00:00,18
2011-04-29 06:00:00,83
2011-04-29 07:00:00,214
2011-04-29 08:00:00,391
2011-04-29 09:00:00,193
2011-04-29 10:00:00,117
2011-04-29 11:00:00,132
2011-04-29 12:00:00,172
2011-04-29 13:00:00,150
2011-04-29 14:00:00,150
2011-04-29 15:00:00,154
2011-04-29 16:00:00,223
2011-04-29 17:00:00,395
2011-04-29 18:00:00,361
2011-04-29 19:00:00,207
2011-04-29 20:00:00,173
2011-04-29 21:00:00,119
2011-04-29 22:00:00,97
2011-04-29 23:00:00,49
2011-04-30 00:00:00,49
2011-04-30 01:00:00,48
2011-04-30 02:00:00,31
2011-04-30 03:00:00,17
2011-04-30 04:00:00,6
2011-04-30 05:00:00,4
2011-04-30 06:00:00,14
2011-04-30 07:00:00,24
2011-04-30 08:00:00,60
2011-04-30 09:00:00,83
2011-04-30 10:00:00,228
2011-04-30 11:00:00,254
2011-04-30 12:00:00,297
2011-04-30 13:00:00,291
2011-04-30 14:00:00,305
2011-04-30 15:00:00,334
2011-04-30 16:00:00,294
2011-04-30 17:00:00,311
2011-04-30 18:00:00,256
2011-04-30 19:00:00,223
2011-04-30 20:00:00,107
2011-04-30 21:00:00,84
2011-04-30 22:00:00,66
2011-04-30 23:00:00,43
2011-05-20 00:00:00,30
2011-05-20 01:00:00,11
2011-05-20 02:00:00,10
2011-05-20 03:00:00,4
2011-05-20 04:00:00,5
2011-05-20 05:00:00,15
2011-05-20 06:00:00,103
2011-05-20 07:00:00,338
2011-05-20 08:00:00,459
2011-05-20 09:00:00,245
2011-05-20 10:00:00,160
2011-05-20 11:00:00,177
2011-05-20 12:00:00,231
2011-05-20 13:00:00,181
2011-05-20 14:00:00,219
2011-05-20 15:00:00,227
2011-05-20 16:00:00,349
2011-05-20 17:00:00,594
2011-05-20 18:00:00,588
2011-05-20 19:00:00,425
2011-05-20 20:00:00,300
2011-05-20 21:00:00,227
2011-05-20 22:00:00,182
2011-05-20 23:00:00,110
2011-05-21 00:00:00,99
2011-05-21 01:00:00,62
2011-05-21 02:00:00,79
2011-05-21 03:00:00,26
2011-05-21 04:00:00,10
2011-05-21 05:00:00,8
2011-05-21 06:00:00,21
2011-05-21 07:00:00,80
2011-05-21 08:00:00,128
2011-05-21 09:00:00,203
2011-05-21 10:00:00,336
2011-05-21 11:00:00,461
2011-05-21 12:00:00,460
2011-05-21 13:00:00,457
2011-05-21 14:00:00,439
2011-05-21 15:00:00,480
2011-05-21 16:00:00,443
2011-05-21 17:00:00,460
2011-05-21 18:00:00,374
2011-05-21 19:00:00,348
2011-05-21 20:00:00,247
2011-05-21 21:00:00,217
2011-05-21 22:00:00,167
2011-05-21 23:00:00,79
2011-05-22 00:00:00,111
2011-05-22 01:00:00,60
2011-05-22 02:00:00,69
2011-05-22 03:00:00,21
2011-05-22 04:00:00,8
2011-05-22 05:00:00,5
2011-05-22 06:00:00,17
2011-05-22 07:00:00,53
2011-05-22 08:00:00,131
2011-05-22 09:00:00,195
2011-05-22 10:00:00,332
2011-05-22 11:00:00,467
2011-05-22 12:00:00,508
2011-05-22 13:00:00,445
2011-05-22 14:00:00,308
2011-05-22 15:00:00,478
2011-05-22 16:00:00,466
2011-05-22 17:00:00,484
2011-05-22 18:00:00,388
2011-05-22 19:00:00,354
2011-05-22 20:00:00,269
2011-05-22 21:00:00,218
2011-05-22 22:00:00,139
2011-05-22 23:00:00,88
2011-05-23 00:00:00,39
2011-05-23 01:00:00,21
2011-05-23 02:00:00,17
2011-05-23 03:00:00,4
2011-05-23 04:00:00,6
2011-05-23 05:00:00,18
2011-05-23 06:00:00,80
2011-05-23 07:00:00,169
2011-05-23 08:00:00,426
2011-05-23 09:00:00,179
2011-05-23 10:00:00,174
2011-05-23 11:00:00,161
2011-05-23 12:00:00,194
2011-05-23 13:00:00,190
2011-05-23 14:00:00,167
2011-05-23 15:00:00,190
2011-05-23 16:00:00,289
2011-05-23 17:00:00,480
2011-05-23 18:00:00,513
2011-05-23 19:00:00,412
2011-05-23 20:00:00,229
2011-05-23 21:00:00,167
2011-05-23 22:00:00,86
2011-05-23 23:00:00,95
2011-05-24 00:00:00,22
2011-05-24 01:00:00,12
2011-05-24 02:00:00,9
2011-05-24 03:00:00,4
2011-05-24 04:00:00,7
2011-05-24 05:00:00,14
2011-05-24 06:00:00,85
2011-05-24 07:00:00,294
2011-05-24 08:00:00,438
2011-05-24 09:00:00,289
2011-05-24 10:00:00,158
2011-05-24 11:00:00,178
2011-05-24 12:00:00,221
2011-05-24 13:00:00,220
2011-05-24 14:00:00,197
2011-05-24 15:00:00,216
2011-05-24 16:00:00,301
2011-05-24 17:00:00,711
2011-05-24 18:00:00,575
2011-05-24 19:00:00,430
2011-05-24 20:00:00,310
2011-05-24 21:00:00,200
2011-05-24 22:00:00,160
2011-05-24 23:00:00,158
2011-05-25 00:00:00,47
2011-05-25 01:00:00,19
2011-05-25 02:00:00,10
2011-05-25 03:00:00,5
2011-05-25 04:00:00,5
2011-05-25 05:00:00,24
2011-05-25 06:00:00,72
2011-05-25 07:00:00,334
2011-05-25 08:00:00,511
2011-05-25 09:00:00,235
2011-05-25 10:00:00,171
2011-05-25 11:00:00,172
2011-05-25 12:00:00,241
2011-05-25 13:00:00,226
2011-05-25 14:00:00,218
2011-05-25 15:00:00,208
2011-05-25 16:00:00,303
2011-05-25 17:00:00,618
2011-05-25 18:00:00,546
2011-05-25 19:00:00,519
2011-05-25 20:00:00,363
2011-05-25 21:00:00,234
2011-05-25 22:00:00,206
2011-05-25 23:00:00,138
2011-05-26 00:00:00,66
2011-05-26 01:00:00,26
2011-05-26 02:00:00,7
2011-05-26 03:00:00,5
2011-05-26 04:00:00,6
2011-05-26 05:00:00,25
2011-05-26 06:00:00,70
2011-05-26 07:00:00,178
2011-05-26 08:00:00,586
2011-05-26 09:00:00,256
2011-05-26 10:00:00,171
2011-05-26 11:00:00,193
2011-05-26 12:00:00,212
2011-05-26 13:00:00,205
2011-05-26 14:00:00,191
2011-05-26 15:00:00,206
2011-05-26 16:00:00,323
2011-05-26 17:00:00,600
2011-05-26 18:00:00,520
2011-05-26 19:00:00,397
2011-05-26 20:00:00,364
2011-05-26 21:00:00,277
2011-05-26 22:00:00,214
2011-05-26 23:00:00,126
2011-05-27 00:00:00,63
2011-05-27 01:00:00,17
2011-05-27 02:00:00,10
2011-05-27 03:00:00,6
2011-05-27 04:00:00,8
2011-05-27 05:00:00,34
2011-05-27 06:00:00,137
2011-05-27 07:00:00,364
2011-05-27 08:00:00,490
2011-05-27 09:00:00,237
2011-05-27 10:00:00,152
2011-05-27 11:00:00,172
2011-05-27 12:00:00,216
2011-05-27 13:00:00,232
2011-05-27 14:00:00,206
2011-05-27 15:00:00,211
2011-05-27 16:00:00,297
2011-05-27 17:00:00,640
2011-05-27 18:00:00,514
2011-05-27 19:00:00,323
2011-05-27 20:00:00,287
2011-05-27 21:00:00,164
2011-05-27 22:00:00,164
2011-05-27 23:00:00,101
2011-05-28 00:00:00,110
2011-05-28 01:00:00,91
2011-05-28 02:00:00,60
2011-05-28 03:00:00,25
2011-05-28 04:00:00,8
2011-05-28 05:00:00,10
2011-05-28 06:00:00,23
2011-05-28 07:00:00,62
2011-05-28 08:00:00,124
2011-05-28 09:00:00,237
2011-05-28 10:00:00,335
2011-05-28 11:00:00,412
2011-05-28 12:00:00,406
2011-05-28 13:00:00,460
2011-05-28 14:00:00,385
2011-05-28 15:00:00,438
2011-05-28 16:00:00,458
2011-05-28 17:00:00,442
2011-05-28 18:00:00,377
2011-05-28 19:00:00,339
2011-05-28 20:00:00,258
2011-05-28 21:00:00,207
2011-05-28 22:00:00,164
2011-05-28 23:00:00,106
2011-05-29 00:00:00,114
2011-05-29 01:00:00,99
2011-05-29 02:00:00,63
2011-05-29 03:00:00,26
2011-05-29 04:00:00,10
2011-05-29 05:00:00,8
2011-05-29 06:00:00,25
2011-05-29 07:00:00,49
2011-05-29 08:00:00,106
2011-05-29 09:00:00,92
2011-05-29 10:00:00,276
2011-05-29 11:00:00,296
2011-05-29 12:00:00,389
2011-05-29 13:00:00,399
2011-05-29 14:00:00,358
2011-05-29 15:00:00,371
2011-05-29 16:00:00,395
2011-05-29 17:00:00,402
2011-05-29 18:00:00,330
2011-05-29 19:00:00,307
2011-05-29 20:00:00,233
2011-05-29 21:00:00,188
2011-05-29 22:00:00,125
2011-05-29 23:00:00,136
2011-05-30 00:00:00,99
2011-05-30 01:00:00,82
2011-05-30 02:00:00,61
2011-05-30 03:00:00,31
2011-05-30 04:00:00,13
2011-05-30 05:00:00,12
2011-05-30 06:00:00,23
2011-05-30 07:00:00,54
2011-05-30 08:00:00,147
2011-05-30 09:00:00,231
2011-05-30 10:00:00,319
2011-05-30 11:00:00,293
2011-05-30 12:00:00,351
2011-05-30 13:00:00,316
2011-05-30 14:00:00,259
2011-05-30 15:00:00,284
2011-05-30 16:00:00,326
2011-05-30 17:00:00,401
2011-05-30 18:00:00,361
2011-05-30 19:00:00,246
2011-05-30 20:00:00,214
2011-05-30 21:00:00,282
2011-05-30 22:00:00,209
2011-05-30 23:00:00,150
2011-05-31 00:00:00,55
2011-05-31 01:00:00,24
2011-05-31 02:00:00,10
2011-05-31 03:00:00,5
2011-05-31 04:00:00,8
2011-05-31 05:00:00,25
2011-05-31 06:00:00,142
2011-05-31 07:00:00,357
2011-05-31 08:00:00,500
2011-05-31 09:00:00,236
2011-05-31 10:00:00,157
2011-05-31 11:00:00,153
2011-05-31 12:00:00,204
2011-05-31 13:00:00,192
2011-05-31 14:00:00,170
2011-05-31 15:00:00,198
2011-05-31 16:00:00,274
2011-05-31 17:00:00,587
2011-05-31 18:00:00,519
2011-05-31 19:00:00,486
2011-05-31 20:00:00,359
2011-05-31 21:00:00,247
2011-05-31 22:00:00,225
2011-05-31 23:00:00,105
2011-06-20 00:00:00,35
2011-06-20 01:00:00,18
2011-06-20 02:00:00,9
2011-06-20 03:00:00,6
2011-06-20 04:00:00,10
2011-06-20 05:00:00,22
2011-06-20 06:00:00,114
2011-06-20 07:00:00,237
2011-06-20 08:00:00,341
2011-06-20 09:00:00,239
2011-06-20 10:00:00,131
2011-06-20 11:00:00,124
2011-06-20 12:00:00,173
2011-06-20 13:00:00,185
2011-06-20 14:00:00,219
2011-06-20 15:00:00,224
2011-06-20 16:00:00,310
2011-06-20 17:00:00,607
2011-06-20 18:00:00,535
2011-06-20 19:00:00,381
2011-06-20 20:00:00,301
2011-06-20 21:00:00,200
2011-06-20 22:00:00,165
2011-06-20 23:00:00,74
2011-06-21 00:00:00,34
2011-06-21 01:00:00,16
2011-06-21 02:00:00,8
2011-06-21 03:00:00,4
2011-06-21 04:00:00,8
2011-06-21 05:00:00,27
2011-06-21 06:00:00,136
2011-06-21 07:00:00,187
2011-06-21 08:00:00,386
2011-06-21 09:00:00,240
2011-06-21 10:00:00,128
2011-06-21 11:00:00,132
2011-06-21 12:00:00,188
2011-06-21 13:00:00,203
2011-06-21 14:00:00,196
2011-06-21 15:00:00,179
2011-06-21 16:00:00,252
2011-06-21 17:00:00,561
2011-06-21 18:00:00,501
2011-06-21 19:00:00,397
2011-06-21 20:00:00,292
2011-06-21 21:00:00,223
2011-06-21 22:00:00,166
2011-06-21 23:00:00,89
2011-06-22 00:00:00,44
2011-06-22 01:00:00,19
2011-06-22 02:00:00,9
2011-06-22 03:00:00,5
2011-06-22 04:00:00,6
2011-06-22 05:00:00,28
2011-06-22 06:00:00,128
2011-06-22 07:00:00,327
2011-06-22 08:00:00,374
2011-06-22 09:00:00,234
2011-06-22 10:00:00,142
2011-06-22 11:00:00,171
2011-06-22 12:00:00,180
2011-06-22 13:00:00,166
2011-06-22 14:00:00,177
2011-06-22 15:00:00,159
2011-06-22 16:00:00,240
2011-06-22 17:00:00,565
2011-06-22 18:00:00,450
2011-06-22 19:00:00,405
2011-06-22 20:00:00,349
2011-06-22 21:00:00,207
2011-06-22 22:00:00,190
2011-06-22 23:00:00,96
2011-06-23 00:00:00,42
2011-06-23 01:00:00,14
2011-06-23 02:00:00,8
2011-06-23 03:00:00,5
2011-06-23 04:00:00,7
2011-06-23 05:00:00,27
2011-06-23 06:00:00,146
2011-06-23 07:00:00,325
2011-06-23 08:00:00,403
2011-06-23 09:00:00,238
2011-06-23 10:00:00,143
2011-06-23 11:00:00,156
2011-06-23 12:00:00,196
2011-06-23 13:00:00,196
2011-06-23 14:00:00,173
2011-06-23 15:00:00,195
2011-06-23 16:00:00,270
2011-06-23 17:00:00,523
2011-06-23 18:00:00,408
2011-06-23 19:00:00,345
2011-06-23 20:00:00,323
2011-06-23 21:00:00,212
2011-06-23 22:00:00,164
2011-06-23 23:00:00,100
2011-06-24 00:00:00,42
2011-06-24 01:00:00,13
2011-06-24 02:00:00,5
2011-06-24 03:00:00,4
2011-06-24 04:00:00,7
2011-06-24 05:00:00,25
2011-06-24 06:00:00,114
2011-06-24 07:00:00,332
2011-06-24 08:00:00,385
2011-06-24 09:00:00,237
2011-06-24 10:00:00,122
2011-06-24 11:00:00,153
2011-06-24 12:00:00,183
2011-06-24 13:00:00,198
2011-06-24 14:00:00,172
2011-06-24 15:00:00,194
2011-06-24 16:00:00,245
2011-06-24 17:00:00,632
2011-06-24 18:00:00,534
2011-06-24 19:00:00,401
2011-06-24 20:00:00,319
2011-06-24 21:00:00,215
2011-06-24 22:00:00,190
2011-06-24 23:00:00,113
2011-06-25 00:00:00,157
2011-06-25 01:00:00,86
2011-06-25 02:00:00,76
2011-06-25 03:00:00,28
2011-06-25 04:00:00,10
2011-06-25 05:00:00,9
2011-06-25 06:00:00,31
2011-06-25 07:00:00,63
2011-06-25 08:00:00,141
2011-06-25 09:00:00,229
2011-06-25 10:00:00,339
2011-06-25 11:00:00,381
2011-06-25 12:00:00,432
2011-06-25 13:00:00,425
2011-06-25 14:00:00,438
2011-06-25 15:00:00,397
2011-06-25 16:00:00,409
2011-06-25 17:00:00,416
2011-06-25 18:00:00,362
2011-06-25 19:00:00,317
2011-06-25 20:00:00,288
2011-06-25 21:00:00,212
2011-06-25 22:00:00,206
2011-06-25 23:00:00,112
2011-06-26 00:00:00,139
2011-06-26 01:00:00,104
2011-06-26 02:00:00,69
2011-06-26 03:00:00,29
2011-06-26 04:00:00,14
2011-06-26 05:00:00,8
2011-06-26 06:00:00,27
2011-06-26 07:00:00,56
2011-06-26 08:00:00,120
2011-06-26 09:00:00,237
2011-06-26 10:00:00,330
2011-06-26 11:00:00,410
2011-06-26 12:00:00,462
2011-06-26 13:00:00,415
2011-06-26 14:00:00,433
2011-06-26 15:00:00,400
2011-06-26 16:00:00,409
2011-06-26 17:00:00,451
2011-06-26 18:00:00,357
2011-06-26 19:00:00,321
2011-06-26 20:00:00,262
2011-06-26 21:00:00,228
2011-06-26 22:00:00,212
2011-06-26 23:00:00,153
2011-06-27 00:00:00,45
2011-06-27 01:00:00,13
2011-06-27 02:00:00,8
2011-06-27 03:00:00,5
2011-06-27 04:00:00,7
2011-06-27 05:00:00,19
2011-06-27 06:00:00,109
2011-06-27 07:00:00,314
2011-06-27 08:00:00,397
2011-06-27 09:00:00,230
2011-06-27 10:00:00,149
2011-06-27 11:00:00,166
2011-06-27 12:00:00,210
2011-06-27 13:00:00,203
2011-06-27 14:00:00,185
2011-06-27 15:00:00,186
2011-06-27 16:00:00,300
2011-06-27 17:00:00,611
2011-06-27 18:00:00,513
2011-06-27 19:00:00,443
2011-06-27 20:00:00,292
2011-06-27 21:00:00,207
2011-06-27 22:00:00,159
2011-06-27 23:00:00,95
2011-06-28 00:00:00,37
2011-06-28 01:00:00,17
2011-06-28 02:00:00,10
2011-06-28 03:00:00,6
2011-06-28 04:00:00,8
2011-06-28 05:00:00,32
2011-06-28 06:00:00,125
2011-06-28 07:00:00,309
2011-06-28 08:00:00,438
2011-06-28 09:00:00,226
2011-06-28 10:00:00,134
2011-06-28 11:00:00,149
2011-06-28 12:00:00,182
2011-06-28 13:00:00,189
2011-06-28 14:00:00,154
2011-06-28 15:00:00,156
2011-06-28 16:00:00,249
2011-06-28 17:00:00,433
2011-06-28 18:00:00,400
2011-06-28 19:00:00,347
2011-06-28 20:00:00,338
2011-06-28 21:00:00,224
2011-06-28 22:00:00,158
2011-06-28 23:00:00,98
2011-06-29 00:00:00,42
2011-06-29 01:00:00,15
2011-06-29 02:00:00,7
2011-06-29 03:00:00,4
2011-06-29 04:00:00,6
2011-06-29 05:00:00,20
2011-06-29 06:00:00,130
2011-06-29 07:00:00,364
2011-06-29 08:00:00,438
2011-06-29 09:00:00,233
2011-06-29 10:00:00,134
2011-06-29 11:00:00,167
2011-06-29 12:00:00,214
2011-06-29 13:00:00,193
2011-06-29 14:00:00,185
2011-06-29 15:00:00,208
2011-06-29 16:00:00,258
2011-06-29 17:00:00,509
2011-06-29 18:00:00,484
2011-06-29 19:00:00,425
2011-06-29 20:00:00,294
2011-06-29 21:00:00,213
2011-06-29 22:00:00,178
2011-06-29 23:00:00,111
2011-06-30 00:00:00,43
2011-06-30 01:00:00,23
2011-06-30 02:00:00,9
2011-06-30 03:00:00,6
2011-06-30 04:00:00,8
2011-06-30 05:00:00,24
2011-06-30 06:00:00,126
2011-06-30 07:00:00,367
2011-06-30 08:00:00,413
2011-06-30 09:00:00,213
2011-06-30 10:00:00,137
2011-06-30 11:00:00,164
2011-06-30 12:00:00,217
2011-06-30 13:00:00,211
2011-06-30 14:00:00,184
2011-06-30 15:00:00,202
2011-06-30 16:00:00,317
2011-06-30 17:00:00,549
2011-06-30 18:00:00,512
2011-06-30 19:00:00,405
2011-06-30 20:00:00,302
2011-06-30 21:00:00,199
2011-06-30 22:00:00,180
2011-06-30 23:00:00,114
2011-07-20 00:00:00,32
2011-07-20 01:00:00,15
2011-07-20 02:00:00,7
2011-07-20 03:00:00,4
2011-07-20 04:00:00,7
2011-07-20 05:00:00,22
2011-07-20 06:00:00,148
2011-07-20 07:00:00,217
2011-07-20 08:00:00,416
2011-07-20 09:00:00,218
2011-07-20 10:00:00,128
2011-07-20 11:00:00,137
2011-07-20 12:00:00,161
2011-07-20 13:00:00,172
2011-07-20 14:00:00,154
2011-07-20 15:00:00,162
2011-07-20 16:00:00,220
2011-07-20 17:00:00,546
2011-07-20 18:00:00,436
2011-07-20 19:00:00,358
2011-07-20 20:00:00,269
2011-07-20 21:00:00,201
2011-07-20 22:00:00,162
2011-07-20 23:00:00,97
2011-07-21 00:00:00,51
2011-07-21 01:00:00,14
2011-07-21 02:00:00,9
2011-07-21 03:00:00,6
2011-07-21 04:00:00,8
2011-07-21 05:00:00,22
2011-07-21 06:00:00,116
2011-07-21 07:00:00,227
2011-07-21 08:00:00,474
2011-07-21 09:00:00,212
2011-07-21 10:00:00,121
2011-07-21 11:00:00,128
2011-07-21 12:00:00,152
2011-07-21 13:00:00,150
2011-07-21 14:00:00,159
2011-07-21 15:00:00,151
2011-07-21 16:00:00,204
2011-07-21 17:00:00,464
2011-07-21 18:00:00,386
2011-07-21 19:00:00,317
2011-07-21 20:00:00,250
2011-07-21 21:00:00,180
2011-07-21 22:00:00,149
2011-07-21 23:00:00,96
2011-07-22 00:00:00,47
2011-07-22 01:00:00,15
2011-07-22 02:00:00,7
2011-07-22 03:00:00,5
2011-07-22 04:00:00,6
2011-07-22 05:00:00,26
2011-07-22 06:00:00,125
2011-07-22 07:00:00,258
2011-07-22 08:00:00,359
2011-07-22 09:00:00,165
2011-07-22 10:00:00,101
2011-07-22 11:00:00,118
2011-07-22 12:00:00,142
2011-07-22 13:00:00,144
2011-07-22 14:00:00,142
2011-07-22 15:00:00,147
2011-07-22 16:00:00,223
2011-07-22 17:00:00,469
2011-07-22 18:00:00,440
2011-07-22 19:00:00,343
2011-07-22 20:00:00,258
2011-07-22 21:00:00,201
2011-07-22 22:00:00,155
2011-07-22 23:00:00,98
2011-07-23 00:00:00,143
2011-07-23 01:00:00,87
2011-07-23 02:00:00,66
2011-07-23 03:00:00,28
2011-07-23 04:00:00,11
2011-07-23 05:00:00,9
2011-07-23 06:00:00,28
2011-07-23 07:00:00,63
2011-07-23 08:00:00,136
2011-07-23 09:00:00,211
2011-07-23 10:00:00,262
2011-07-23 11:00:00,314
2011-07-23 12:00:00,240
2011-07-23 13:00:00,285
2011-07-23 14:00:00,239
2011-07-23 15:00:00,251
2011-07-23 16:00:00,260
2011-07-23 17:00:00,296
2011-07-23 18:00:00,266
2011-07-23 19:00:00,292
2011-07-23 20:00:00,238
2011-07-23 21:00:00,208
2011-07-23 22:00:00,183
2011-07-23 23:00:00,120
2011-07-24 00:00:00,134
2011-07-24 01:00:00,73
2011-07-24 02:00:00,67
2011-07-24 03:00:00,27
2011-07-24 04:00:00,11
2011-07-24 05:00:00,8
2011-07-24 06:00:00,25
2011-07-24 07:00:00,54
2011-07-24 08:00:00,129
2011-07-24 09:00:00,207
2011-07-24 10:00:00,255
2011-07-24 11:00:00,333
2011-07-24 12:00:00,275
2011-07-24 13:00:00,345
2011-07-24 14:00:00,298
2011-07-24 15:00:00,277
2011-07-24 16:00:00,300
2011-07-24 17:00:00,327
2011-07-24 18:00:00,292
2011-07-24 19:00:00,275
2011-07-24 20:00:00,279
2011-07-24 21:00:00,195
2011-07-24 22:00:00,150
2011-07-24 23:00:00,96
2011-07-25 00:00:00,46
2011-07-25 01:00:00,14
2011-07-25 02:00:00,9
2011-07-25 03:00:00,5
2011-07-25 04:00:00,7
2011-07-25 05:00:00,23
2011-07-25 06:00:00,120
2011-07-25 07:00:00,328
2011-07-25 08:00:00,390
2011-07-25 09:00:00,181
2011-07-25 10:00:00,112
2011-07-25 11:00:00,143
2011-07-25 12:00:00,175
2011-07-25 13:00:00,172
2011-07-25 14:00:00,160
2011-07-25 15:00:00,107
2011-07-25 16:00:00,161
2011-07-25 17:00:00,531
2011-07-25 18:00:00,472
2011-07-25 19:00:00,399
2011-07-25 20:00:00,314
2011-07-25 21:00:00,151
2011-07-25 22:00:00,137
2011-07-25 23:00:00,84
2011-07-26 00:00:00,41
2011-07-26 01:00:00,16
2011-07-26 02:00:00,10
2011-07-26 03:00:00,6
2011-07-26 04:00:00,7
2011-07-26 05:00:00,24
2011-07-26 06:00:00,118
2011-07-26 07:00:00,333
2011-07-26 08:00:00,426
2011-07-26 09:00:00,204
2011-07-26 10:00:00,130
2011-07-26 11:00:00,155
2011-07-26 12:00:00,202
2011-07-26 13:00:00,192
2011-07-26 14:00:00,162
2011-07-26 15:00:00,178
2011-07-26 16:00:00,258
2011-07-26 17:00:00,572
2011-07-26 18:00:00,510
2011-07-26 19:00:00,372
2011-07-26 20:00:00,297
2011-07-26 21:00:00,232
2011-07-26 22:00:00,193
2011-07-26 23:00:00,111
2011-07-27 00:00:00,52
2011-07-27 01:00:00,19
2011-07-27 02:00:00,7
2011-07-27 03:00:00,4
2011-07-27 04:00:00,6
2011-07-27 05:00:00,28
2011-07-27 06:00:00,120
2011-07-27 07:00:00,301
2011-07-27 08:00:00,428
2011-07-27 09:00:00,220
2011-07-27 10:00:00,120
2011-07-27 11:00:00,157
2011-07-27 12:00:00,189
2011-07-27 13:00:00,193
2011-07-27 14:00:00,183
2011-07-27 15:00:00,193
2011-07-27 16:00:00,293
2011-07-27 17:00:00,590
2011-07-27 18:00:00,535
2011-07-27 19:00:00,439
2011-07-27 20:00:00,303
2011-07-27 21:00:00,224
2011-07-27 22:00:00,185
2011-07-27 23:00:00,104
2011-07-28 00:00:00,53
2011-07-28 01:00:00,18
2011-07-28 02:00:00,9
2011-07-28 03:00:00,4
2011-07-28 04:00:00,8
2011-07-28 05:00:00,27
2011-07-28 06:00:00,130
2011-07-28 07:00:00,294
2011-07-28 08:00:00,414
2011-07-28 09:00:00,222
2011-07-28 10:00:00,142
2011-07-28 11:00:00,135
2011-07-28 12:00:00,170
2011-07-28 13:00:00,163
2011-07-28 14:00:00,166
2011-07-28 15:00:00,165
2011-07-28 16:00:00,252
2011-07-28 17:00:00,550
2011-07-28 18:00:00,437
2011-07-28 19:00:00,375
2011-07-28 20:00:00,287
2011-07-28 21:00:00,226
2011-07-28 22:00:00,169
2011-07-28 23:00:00,97
2011-07-29 00:00:00,47
2011-07-29 01:00:00,17
2011-07-29 02:00:00,8
2011-07-29 03:00:00,5
2011-07-29 04:00:00,7
2011-07-29 05:00:00,26
2011-07-29 06:00:00,124
2011-07-29 07:00:00,315
2011-07-29 08:00:00,463
2011-07-29 09:00:00,172
2011-07-29 10:00:00,104
2011-07-29 11:00:00,121
2011-07-29 12:00:00,137
2011-07-29 13:00:00,150
2011-07-29 14:00:00,130
2011-07-29 15:00:00,148
2011-07-29 16:00:00,217
2011-07-29 17:00:00,437
2011-07-29 18:00:00,387
2011-07-29 19:00:00,318
2011-07-29 20:00:00,248
2011-07-29 21:00:00,210
2011-07-29 22:00:00,190
2011-07-29 23:00:00,108
2011-07-30 00:00:00,168
2011-07-30 01:00:00,86
2011-07-30 02:00:00,80
2011-07-30 03:00:00,28
2011-07-30 04:00:00,9
2011-07-30 05:00:00,9
2011-07-30 06:00:00,27
2011-07-30 07:00:00,59
2011-07-30 08:00:00,116
2011-07-30 09:00:00,222
2011-07-30 10:00:00,300
2011-07-30 11:00:00,394
2011-07-30 12:00:00,415
2011-07-30 13:00:00,364
2011-07-30 14:00:00,312
2011-07-30 15:00:00,304
2011-07-30 16:00:00,327
2011-07-30 17:00:00,344
2011-07-30 18:00:00,343
2011-07-30 19:00:00,303
2011-07-30 20:00:00,277
2011-07-30 21:00:00,234
2011-07-30 22:00:00,206
2011-07-30 23:00:00,143
2011-07-31 00:00:00,166
2011-07-31 01:00:00,82
2011-07-31 02:00:00,70
2011-07-31 03:00:00,25
2011-07-31 04:00:00,9
2011-07-31 05:00:00,8
2011-07-31 06:00:00,25
2011-07-31 07:00:00,50
2011-07-31 08:00:00,142
2011-07-31 09:00:00,224
2011-07-31 10:00:00,315
2011-07-31 11:00:00,342
2011-07-31 12:00:00,348
2011-07-31 13:00:00,374
2011-07-31 14:00:00,346
2011-07-31 15:00:00,356
2011-07-31 16:00:00,275
2011-07-31 17:00:00,337
2011-07-31 18:00:00,301
2011-07-31 19:00:00,334
2011-07-31 20:00:00,291
2011-07-31 21:00:00,215
2011-07-31 22:00:00,147
2011-07-31 23:00:00,91
2011-08-20 00:00:00,78
2011-08-20 01:00:00,58
2011-08-20 02:00:00,57
2011-08-20 03:00:00,25
2011-08-20 04:00:00,9
2011-08-20 05:00:00,7
2011-08-20 06:00:00,14
2011-08-20 07:00:00,38
2011-08-20 08:00:00,101
2011-08-20 09:00:00,203
2011-08-20 10:00:00,303
2011-08-20 11:00:00,333
2011-08-20 12:00:00,374
2011-08-20 13:00:00,403
2011-08-20 14:00:00,420
2011-08-20 15:00:00,379
2011-08-20 16:00:00,400
2011-08-20 17:00:00,414
2011-08-20 18:00:00,326
2011-08-20 19:00:00,306
2011-08-20 20:00:00,255
2011-08-20 21:00:00,193
2011-08-20 22:00:00,144
2011-08-20 23:00:00,90
2011-08-21 00:00:00,118
2011-08-21 01:00:00,68
2011-08-21 02:00:00,71
2011-08-21 03:00:00,28
2011-08-21 04:00:00,7
2011-08-21 05:00:00,8
2011-08-21 06:00:00,21
2011-08-21 07:00:00,49
2011-08-21 08:00:00,91
2011-08-21 09:00:00,187
2011-08-21 10:00:00,255
2011-08-21 11:00:00,309
2011-08-21 12:00:00,298
2011-08-21 13:00:00,323
2011-08-21 14:00:00,239
2011-08-21 15:00:00,221
2011-08-21 16:00:00,333
2011-08-21 17:00:00,246
2011-08-21 18:00:00,225
2011-08-21 19:00:00,267
2011-08-21 20:00:00,202
2011-08-21 21:00:00,173
2011-08-21 22:00:00,144
2011-08-21 23:00:00,101
2011-08-22 00:00:00,39
2011-08-22 01:00:00,18
2011-08-22 02:00:00,8
2011-08-22 03:00:00,5
2011-08-22 04:00:00,7
2011-08-22 05:00:00,26
2011-08-22 06:00:00,116
2011-08-22 07:00:00,344
2011-08-22 08:00:00,423
2011-08-22 09:00:00,224
2011-08-22 10:00:00,143
2011-08-22 11:00:00,156
2011-08-22 12:00:00,209
2011-08-22 13:00:00,162
2011-08-22 14:00:00,182
2011-08-22 15:00:00,201
2011-08-22 16:00:00,275
2011-08-22 17:00:00,517
2011-08-22 18:00:00,458
2011-08-22 19:00:00,353
2011-08-22 20:00:00,291
2011-08-22 21:00:00,212
2011-08-22 22:00:00,177
2011-08-22 23:00:00,105
2011-08-23 00:00:00,44
2011-08-23 01:00:00,21
2011-08-23 02:00:00,10
2011-08-23 03:00:00,5
2011-08-23 04:00:00,7
2011-08-23 05:00:00,25
2011-08-23 06:00:00,129
2011-08-23 07:00:00,310
2011-08-23 08:00:00,426
2011-08-23 09:00:00,226
2011-08-23 10:00:00,129
2011-08-23 11:00:00,160
2011-08-23 12:00:00,219
2011-08-23 13:00:00,207
2011-08-23 14:00:00,190
2011-08-23 15:00:00,209
2011-08-23 16:00:00,305
2011-08-23 17:00:00,594
2011-08-23 18:00:00,533
2011-08-23 19:00:00,379
2011-08-23 20:00:00,309
2011-08-23 21:00:00,197
2011-08-23 22:00:00,187
2011-08-23 23:00:00,119
2011-08-24 00:00:00,41
2011-08-24 01:00:00,22
2011-08-24 02:00:00,11
2011-08-24 03:00:00,5
2011-08-24 04:00:00,6
2011-08-24 05:00:00,19
2011-08-24 06:00:00,107
2011-08-24 07:00:00,294
2011-08-24 08:00:00,384
2011-08-24 09:00:00,233
2011-08-24 10:00:00,144
2011-08-24 11:00:00,164
2011-08-24 12:00:00,193
2011-08-24 13:00:00,186
2011-08-24 14:00:00,176
2011-08-24 15:00:00,181
2011-08-24 16:00:00,256
2011-08-24 17:00:00,577
2011-08-24 18:00:00,468
2011-08-24 19:00:00,364
2011-08-24 20:00:00,293
2011-08-24 21:00:00,223
2011-08-24 22:00:00,160
2011-08-24 23:00:00,91
2011-08-25 00:00:00,44
2011-08-25 01:00:00,12
2011-08-25 02:00:00,6
2011-08-25 03:00:00,5
2011-08-25 04:00:00,5
2011-08-25 05:00:00,21
2011-08-25 06:00:00,97
2011-08-25 07:00:00,305
2011-08-25 08:00:00,381
2011-08-25 09:00:00,226
2011-08-25 10:00:00,145
2011-08-25 11:00:00,120
2011-08-25 12:00:00,151
2011-08-25 13:00:00,140
2011-08-25 14:00:00,165
2011-08-25 15:00:00,186
2011-08-25 16:00:00,179
2011-08-25 17:00:00,324
2011-08-25 18:00:00,245
2011-08-25 19:00:00,288
2011-08-25 20:00:00,228
2011-08-25 21:00:00,198
2011-08-25 22:00:00,105
2011-08-25 23:00:00,64
2011-08-26 00:00:00,22
2011-08-26 01:00:00,12
2011-08-26 02:00:00,9
2011-08-26 03:00:00,4
2011-08-26 04:00:00,6
2011-08-26 05:00:00,24
2011-08-26 06:00:00,100
2011-08-26 07:00:00,245
2011-08-26 08:00:00,348
2011-08-26 09:00:00,221
2011-08-26 10:00:00,143
2011-08-26 11:00:00,159
2011-08-26 12:00:00,203
2011-08-26 13:00:00,184
2011-08-26 14:00:00,174
2011-08-26 15:00:00,189
2011-08-26 16:00:00,296
2011-08-26 17:00:00,514
2011-08-26 18:00:00,472
2011-08-26 19:00:00,304
2011-08-26 20:00:00,268
2011-08-26 21:00:00,189
2011-08-26 22:00:00,154
2011-08-26 23:00:00,81
2011-08-27 00:00:00,72
2011-08-27 01:00:00,65
2011-08-27 02:00:00,59
2011-08-27 03:00:00,30
2011-08-27 04:00:00,9
2011-08-27 05:00:00,12
2011-08-27 06:00:00,20
2011-08-27 07:00:00,39
2011-08-27 08:00:00,92
2011-08-27 09:00:00,116
2011-08-27 10:00:00,176
2011-08-27 11:00:00,151
2011-08-27 12:00:00,192
2011-08-27 13:00:00,194
2011-08-27 14:00:00,131
2011-08-27 15:00:00,147
2011-08-27 16:00:00,155
2011-08-27 17:00:00,101
2011-08-28 07:00:00,43
2011-08-28 08:00:00,90
2011-08-28 09:00:00,148
2011-08-28 10:00:00,207
2011-08-28 11:00:00,318
2011-08-28 12:00:00,373
2011-08-28 13:00:00,399
2011-08-28 14:00:00,385
2011-08-28 15:00:00,373
2011-08-28 16:00:00,380
2011-08-28 17:00:00,393
2011-08-28 18:00:00,339
2011-08-28 19:00:00,293
2011-08-28 20:00:00,252
2011-08-28 21:00:00,198
2011-08-28 22:00:00,126
2011-08-28 23:00:00,67
2011-08-29 00:00:00,34
2011-08-29 01:00:00,16
2011-08-29 02:00:00,7
2011-08-29 03:00:00,5
2011-08-29 04:00:00,6
2011-08-29 05:00:00,23
2011-08-29 06:00:00,117
2011-08-29 07:00:00,330
2011-08-29 08:00:00,433
2011-08-29 09:00:00,231
2011-08-29 10:00:00,135
2011-08-29 11:00:00,169
2011-08-29 12:00:00,225
2011-08-29 13:00:00,203
2011-08-29 14:00:00,190
2011-08-29 15:00:00,221
2011-08-29 16:00:00,318
2011-08-29 17:00:00,598
2011-08-29 18:00:00,513
2011-08-29 19:00:00,398
2011-08-29 20:00:00,318
2011-08-29 21:00:00,226
2011-08-29 22:00:00,187
2011-08-29 23:00:00,117
2011-08-30 00:00:00,39
2011-08-30 01:00:00,19
2011-08-30 02:00:00,10
2011-08-30 03:00:00,5
2011-08-30 04:00:00,6
2011-08-30 05:00:00,21
2011-08-30 06:00:00,107
2011-08-30 07:00:00,311
2011-08-30 08:00:00,434
2011-08-30 09:00:00,209
2011-08-30 10:00:00,138
2011-08-30 11:00:00,171
2011-08-30 12:00:00,209
2011-08-30 13:00:00,206
2011-08-30 14:00:00,195
2011-08-30 15:00:00,213
2011-08-30 16:00:00,313
2011-08-30 17:00:00,627
2011-08-30 18:00:00,537
2011-08-30 19:00:00,382
2011-08-30 20:00:00,283
2011-08-30 21:00:00,200
2011-08-30 22:00:00,168
2011-08-30 23:00:00,113
2011-08-31 00:00:00,31
2011-08-31 01:00:00,13
2011-08-31 02:00:00,10
2011-08-31 03:00:00,4
2011-08-31 04:00:00,6
2011-08-31 05:00:00,18
2011-08-31 06:00:00,108
2011-08-31 07:00:00,229
2011-08-31 08:00:00,342
2011-08-31 09:00:00,201
2011-08-31 10:00:00,140
2011-08-31 11:00:00,166
2011-08-31 12:00:00,211
2011-08-31 13:00:00,204
2011-08-31 14:00:00,194
2011-08-31 15:00:00,210
2011-08-31 16:00:00,304
2011-08-31 17:00:00,623
2011-08-31 18:00:00,508
2011-08-31 19:00:00,372
2011-08-31 20:00:00,298
2011-08-31 21:00:00,218
2011-08-31 22:00:00,144
2011-08-31 23:00:00,60
2011-09-20 00:00:00,38
2011-09-20 01:00:00,14
2011-09-20 02:00:00,8
2011-09-20 03:00:00,4
2011-09-20 04:00:00,4
2011-09-20 05:00:00,23
2011-09-20 06:00:00,108
2011-09-20 07:00:00,243
2011-09-20 08:00:00,228
2011-09-20 09:00:00,98
2011-09-20 10:00:00,95
2011-09-20 11:00:00,99
2011-09-20 12:00:00,88
2011-09-20 13:00:00,78
2011-09-20 14:00:00,119
2011-09-20 15:00:00,150
2011-09-20 16:00:00,249
2011-09-20 17:00:00,379
2011-09-20 18:00:00,291
2011-09-20 19:00:00,227
2011-09-20 20:00:00,130
2011-09-20 21:00:00,89
2011-09-20 22:00:00,76
2011-09-20 23:00:00,64
2011-09-21 00:00:00,15
2011-09-21 01:00:00,9
2011-09-21 02:00:00,8
2011-09-21 03:00:00,4
2011-09-21 04:00:00,4
2011-09-21 05:00:00,13
2011-09-21 06:00:00,74
2011-09-21 07:00:00,139
2011-09-21 08:00:00,233
2011-09-21 09:00:00,104
2011-09-21 10:00:00,99
2011-09-21 11:00:00,117
2011-09-21 12:00:00,155
2011-09-21 13:00:00,169
2011-09-21 14:00:00,152
2011-09-21 15:00:00,165
2011-09-21 16:00:00,230
2011-09-21 17:00:00,494
2011-09-21 18:00:00,305
2011-09-21 19:00:00,170
2011-09-21 20:00:00,133
2011-09-21 21:00:00,79
2011-09-21 22:00:00,82
2011-09-21 23:00:00,56
2011-09-22 00:00:00,15
2011-09-22 01:00:00,9
2011-09-22 02:00:00,6
2011-09-22 03:00:00,4
2011-09-22 04:00:00,5
2011-09-22 05:00:00,13
2011-09-22 06:00:00,79
2011-09-22 07:00:00,145
2011-09-22 08:00:00,300
2011-09-22 09:00:00,131
2011-09-22 10:00:00,137
2011-09-22 11:00:00,124
2011-09-22 12:00:00,160
2011-09-22 13:00:00,148
2011-09-22 14:00:00,142
2011-09-22 15:00:00,185
2011-09-22 16:00:00,253
2011-09-22 17:00:00,426
2011-09-22 18:00:00,283
2011-09-22 19:00:00,298
2011-09-22 20:00:00,137
2011-09-22 21:00:00,168
2011-09-22 22:00:00,59
2011-09-22 23:00:00,65
2011-09-23 00:00:00,17
2011-09-23 01:00:00,8
2011-09-23 02:00:00,8
2011-09-23 03:00:00,5
2011-09-23 04:00:00,6
2011-09-23 05:00:00,21
2011-09-23 06:00:00,82
2011-09-23 07:00:00,157
2011-09-23 08:00:00,309
2011-09-23 09:00:00,116
2011-09-23 10:00:00,53
2011-09-23 11:00:00,54
2011-09-23 12:00:00,85
2011-09-23 13:00:00,54
2011-09-23 14:00:00,56
2011-09-23 15:00:00,92
2011-09-23 16:00:00,130
2011-09-23 17:00:00,205
2011-09-23 18:00:00,142
2011-09-23 19:00:00,175
2011-09-23 20:00:00,128
2011-09-23 21:00:00,88
2011-09-23 22:00:00,74
2011-09-23 23:00:00,49
2011-09-24 00:00:00,56
2011-09-24 01:00:00,61
2011-09-24 02:00:00,64
2011-09-24 03:00:00,25
2011-09-24 04:00:00,10
2011-09-24 05:00:00,7
2011-09-24 06:00:00,11
2011-09-24 07:00:00,37
2011-09-24 08:00:00,99
2011-09-24 09:00:00,154
2011-09-24 10:00:00,194
2011-09-24 11:00:00,222
2011-09-24 12:00:00,289
2011-09-24 13:00:00,311
2011-09-24 14:00:00,287
2011-09-24 15:00:00,334
2011-09-24 16:00:00,320
2011-09-24 17:00:00,291
2011-09-24 18:00:00,218
2011-09-24 19:00:00,180
2011-09-24 20:00:00,158
2011-09-24 21:00:00,132
2011-09-24 22:00:00,104
2011-09-24 23:00:00,73
2011-09-25 00:00:00,76
2011-09-25 01:00:00,75
2011-09-25 02:00:00,46
2011-09-25 03:00:00,18
2011-09-25 04:00:00,7
2011-09-25 05:00:00,12
2011-09-25 06:00:00,14
2011-09-25 07:00:00,31
2011-09-25 08:00:00,99
2011-09-25 09:00:00,188
2011-09-25 10:00:00,241
2011-09-25 11:00:00,285
2011-09-25 12:00:00,363
2011-09-25 13:00:00,320
2011-09-25 14:00:00,320
2011-09-25 15:00:00,384
2011-09-25 16:00:00,340
2011-09-25 17:00:00,345
2011-09-25 18:00:00,296
2011-09-25 19:00:00,188
2011-09-25 20:00:00,172
2011-09-25 21:00:00,97
2011-09-25 22:00:00,106
2011-09-25 23:00:00,56
2011-09-26 00:00:00,19
2011-09-26 01:00:00,15
2011-09-26 02:00:00,10
2011-09-26 03:00:00,6
2011-09-26 04:00:00,6
2011-09-26 05:00:00,29
2011-09-26 06:00:00,82
2011-09-26 07:00:00,210
2011-09-26 08:00:00,377
2011-09-26 09:00:00,261
2011-09-26 10:00:00,138
2011-09-26 11:00:00,148
2011-09-26 12:00:00,173
2011-09-26 13:00:00,165
2011-09-26 14:00:00,166
2011-09-26 15:00:00,206
2011-09-26 16:00:00,277
2011-09-26 17:00:00,493
2011-09-26 18:00:00,281
2011-09-26 19:00:00,247
2011-09-26 20:00:00,246
2011-09-26 21:00:00,170
2011-09-26 22:00:00,90
2011-09-26 23:00:00,73
2011-09-27 00:00:00,25
2011-09-27 01:00:00,14
2011-09-27 02:00:00,11
2011-09-27 03:00:00,6
2011-09-27 04:00:00,7
2011-09-27 05:00:00,19
2011-09-27 06:00:00,82
2011-09-27 07:00:00,188
2011-09-27 08:00:00,444
2011-09-27 09:00:00,240
2011-09-27 10:00:00,83
2011-09-27 11:00:00,121
2011-09-27 12:00:00,154
2011-09-27 13:00:00,157
2011-09-27 14:00:00,150
2011-09-27 15:00:00,161
2011-09-27 16:00:00,235
2011-09-27 17:00:00,403
2011-09-27 18:00:00,309
2011-09-27 19:00:00,263
2011-09-27 20:00:00,213
2011-09-27 21:00:00,143
2011-09-27 22:00:00,122
2011-09-27 23:00:00,89
2011-09-28 00:00:00,28
2011-09-28 01:00:00,14
2011-09-28 02:00:00,11
2011-09-28 03:00:00,4
2011-09-28 04:00:00,6
2011-09-28 05:00:00,17
2011-09-28 06:00:00,62
2011-09-28 07:00:00,110
2011-09-28 08:00:00,326
2011-09-28 09:00:00,154
2011-09-28 10:00:00,81
2011-09-28 11:00:00,109
2011-09-28 12:00:00,176
2011-09-28 13:00:00,163
2011-09-28 14:00:00,185
2011-09-28 15:00:00,175
2011-09-28 16:00:00,250
2011-09-28 17:00:00,481
2011-09-28 18:00:00,308
2011-09-28 19:00:00,288
2011-09-28 20:00:00,186
2011-09-28 21:00:00,159
2011-09-28 22:00:00,122
2011-09-28 23:00:00,60
2011-09-29 00:00:00,17
2011-09-29 01:00:00,10
2011-09-29 02:00:00,8
2011-09-29 03:00:00,5
2011-09-29 04:00:00,6
2011-09-29 05:00:00,24
2011-09-29 06:00:00,113
2011-09-29 07:00:00,285
2011-09-29 08:00:00,406
2011-09-29 09:00:00,220
2011-09-29 10:00:00,140
2011-09-29 11:00:00,161
2011-09-29 12:00:00,220
2011-09-29 13:00:00,203
2011-09-29 14:00:00,181
2011-09-29 15:00:00,207
2011-09-29 16:00:00,283
2011-09-29 17:00:00,528
2011-09-29 18:00:00,484
2011-09-29 19:00:00,349
2011-09-29 20:00:00,259
2011-09-29 21:00:00,197
2011-09-29 22:00:00,130
2011-09-29 23:00:00,61
2011-09-30 00:00:00,21
2011-09-30 01:00:00,14
2011-09-30 02:00:00,9
2011-09-30 03:00:00,5
2011-09-30 04:00:00,5
2011-09-30 05:00:00,30
2011-09-30 06:00:00,124
2011-09-30 07:00:00,299
2011-09-30 08:00:00,412
2011-09-30 09:00:00,212
2011-09-30 10:00:00,123
2011-09-30 11:00:00,162
2011-09-30 12:00:00,201
2011-09-30 13:00:00,185
2011-09-30 14:00:00,176
2011-09-30 15:00:00,203
2011-09-30 16:00:00,285
2011-09-30 17:00:00,537
2011-09-30 18:00:00,456
2011-09-30 19:00:00,287
2011-09-30 20:00:00,227
2011-09-30 21:00:00,185
2011-09-30 22:00:00,149
2011-09-30 23:00:00,77
2011-10-20 00:00:00,25
2011-10-20 01:00:00,16
2011-10-20 02:00:00,7
2011-10-20 03:00:00,3
2011-10-20 04:00:00,3
2011-10-20 05:00:00,20
2011-10-20 06:00:00,91
2011-10-20 07:00:00,214
2011-10-20 08:00:00,309
2011-10-20 09:00:00,150
2011-10-20 10:00:00,127
2011-10-20 11:00:00,153
2011-10-20 12:00:00,188
2011-10-20 13:00:00,140
2011-10-20 14:00:00,140
2011-10-20 15:00:00,150
2011-10-20 16:00:00,230
2011-10-20 17:00:00,500
2011-10-20 18:00:00,414
2011-10-20 19:00:00,269
2011-10-20 20:00:00,208
2011-10-20 21:00:00,144
2011-10-20 22:00:00,117
2011-10-20 23:00:00,77
2011-10-21 00:00:00,39
2011-10-21 01:00:00,15
2011-10-21 02:00:00,8
2011-10-21 03:00:00,4
2011-10-21 04:00:00,4
2011-10-21 05:00:00,19
2011-10-21 06:00:00,93
2011-10-21 07:00:00,283
2011-10-21 08:00:00,400
2011-10-21 09:00:00,232
2011-10-21 10:00:00,119
2011-10-21 11:00:00,150
2011-10-21 12:00:00,197
2011-10-21 13:00:00,182
2011-10-21 14:00:00,166
2011-10-21 15:00:00,189
2011-10-21 16:00:00,260
2011-10-21 17:00:00,522
2011-10-21 18:00:00,374
2011-10-21 19:00:00,254
2011-10-21 20:00:00,211
2011-10-21 21:00:00,165
2011-10-21 22:00:00,127
2011-10-21 23:00:00,73
2011-10-22 00:00:00,100
2011-10-22 01:00:00,63
2011-10-22 02:00:00,55
2011-10-22 03:00:00,19
2011-10-22 04:00:00,8
2011-10-22 05:00:00,6
2011-10-22 06:00:00,17
2011-10-22 07:00:00,43
2011-10-22 08:00:00,82
2011-10-22 09:00:00,159
2011-10-22 10:00:00,222
2011-10-22 11:00:00,288
2011-10-22 12:00:00,341
2011-10-22 13:00:00,358
2011-10-22 14:00:00,333
2011-10-22 15:00:00,311
2011-10-22 16:00:00,350
2011-10-22 17:00:00,353
2011-10-22 18:00:00,243
2011-10-22 19:00:00,190
2011-10-22 20:00:00,163
2011-10-22 21:00:00,113
2011-10-22 22:00:00,93
2011-10-22 23:00:00,70
2011-10-23 00:00:00,62
2011-10-23 01:00:00,43
2011-10-23 02:00:00,45
2011-10-23 03:00:00,15
2011-10-23 04:00:00,7
2011-10-23 05:00:00,7
2011-10-23 06:00:00,18
2011-10-23 07:00:00,48
2011-10-23 08:00:00,73
2011-10-23 09:00:00,156
2011-10-23 10:00:00,223
2011-10-23 11:00:00,278
2011-10-23 12:00:00,315
2011-10-23 13:00:00,347
2011-10-23 14:00:00,327
2011-10-23 15:00:00,364
2011-10-23 16:00:00,363
2011-10-23 17:00:00,299
2011-10-23 18:00:00,241
2011-10-23 19:00:00,179
2011-10-23 20:00:00,148
2011-10-23 21:00:00,115
2011-10-23 22:00:00,88
2011-10-23 23:00:00,56
2011-10-24 00:00:00,39
2011-10-24 01:00:00,12
2011-10-24 02:00:00,8
2011-10-24 03:00:00,3
2011-10-24 04:00:00,5
2011-10-24 05:00:00,22
2011-10-24 06:00:00,79
2011-10-24 07:00:00,225
2011-10-24 08:00:00,354
2011-10-24 09:00:00,233
2011-10-24 10:00:00,118
2011-10-24 11:00:00,146
2011-10-24 12:00:00,167
2011-10-24 13:00:00,175
2011-10-24 14:00:00,167
2011-10-24 15:00:00,195
2011-10-24 16:00:00,237
2011-10-24 17:00:00,469
2011-10-24 18:00:00,491
2011-10-24 19:00:00,139
2011-10-24 20:00:00,148
2011-10-24 21:00:00,113
2011-10-24 22:00:00,131
2011-10-24 23:00:00,72
2011-10-25 00:00:00,39
2011-10-25 01:00:00,15
2011-10-25 02:00:00,7
2011-10-25 03:00:00,4
2011-10-25 04:00:00,5
2011-10-25 05:00:00,20
2011-10-25 06:00:00,83
2011-10-25 07:00:00,258
2011-10-25 08:00:00,346
2011-10-25 09:00:00,214
2011-10-25 10:00:00,122
2011-10-25 11:00:00,148
2011-10-25 12:00:00,197
2011-10-25 13:00:00,209
2011-10-25 14:00:00,170
2011-10-25 15:00:00,208
2011-10-25 16:00:00,291
2011-10-25 17:00:00,552
2011-10-25 18:00:00,411
2011-10-25 19:00:00,283
2011-10-25 20:00:00,220
2011-10-25 21:00:00,163
2011-10-25 22:00:00,135
2011-10-25 23:00:00,73
2011-10-26 00:00:00,45
2011-10-26 01:00:00,12
2011-10-26 02:00:00,9
2011-10-26 03:00:00,4
2011-10-26 04:00:00,4
2011-10-26 05:00:00,22
2011-10-26 06:00:00,111
2011-10-26 07:00:00,301
2011-10-26 08:00:00,345
2011-10-26 09:00:00,224
2011-10-26 10:00:00,124
2011-10-26 11:00:00,154
2011-10-26 12:00:00,194
2011-10-26 13:00:00,150
2011-10-26 14:00:00,133
2011-10-26 15:00:00,154
2011-10-26 16:00:00,218
2011-10-26 17:00:00,405
2011-10-26 18:00:00,334
2011-10-26 19:00:00,190
2011-10-26 20:00:00,166
2011-10-26 21:00:00,149
2011-10-26 22:00:00,97
2011-10-26 23:00:00,67
2011-10-27 00:00:00,20
2011-10-27 01:00:00,9
2011-10-27 02:00:00,6
2011-10-27 03:00:00,3
2011-10-27 04:00:00,4
2011-10-27 05:00:00,16
2011-10-27 06:00:00,62
2011-10-27 07:00:00,190
2011-10-27 08:00:00,259
2011-10-27 09:00:00,236
2011-10-27 10:00:00,81
2011-10-27 11:00:00,84
2011-10-27 12:00:00,86
2011-10-27 13:00:00,113
2011-10-27 14:00:00,129
2011-10-27 15:00:00,133
2011-10-27 16:00:00,251
2011-10-27 17:00:00,334
2011-10-27 18:00:00,344
2011-10-27 19:00:00,198
2011-10-27 20:00:00,169
2011-10-27 21:00:00,143
2011-10-27 22:00:00,82
2011-10-27 23:00:00,74
2011-10-28 00:00:00,32
2011-10-28 01:00:00,10
2011-10-28 02:00:00,5
2011-10-28 03:00:00,3
2011-10-28 04:00:00,4
2011-10-28 05:00:00,19
2011-10-28 06:00:00,82
2011-10-28 07:00:00,217
2011-10-28 08:00:00,358
2011-10-28 09:00:00,234
2011-10-28 10:00:00,123
2011-10-28 11:00:00,138
2011-10-28 12:00:00,182
2011-10-28 13:00:00,159
2011-10-28 14:00:00,139
2011-10-28 15:00:00,167
2011-10-28 16:00:00,239
2011-10-28 17:00:00,400
2011-10-28 18:00:00,353
2011-10-28 19:00:00,257
2011-10-28 20:00:00,127
2011-10-28 21:00:00,77
2011-10-28 22:00:00,74
2011-10-28 23:00:00,38
2011-10-29 00:00:00,32
2011-10-29 01:00:00,34
2011-10-29 02:00:00,36
2011-10-29 03:00:00,7
2011-10-29 04:00:00,4
2011-10-29 05:00:00,5
2011-10-29 06:00:00,10
2011-10-29 07:00:00,19
2011-10-29 08:00:00,53
2011-10-29 09:00:00,64
2011-10-29 10:00:00,135
2011-10-29 11:00:00,120
2011-10-29 12:00:00,67
2011-10-29 13:00:00,56
2011-10-29 14:00:00,77
2011-10-29 15:00:00,170
2011-10-29 16:00:00,155
2011-10-29 17:00:00,126
2011-10-29 18:00:00,129
2011-10-29 19:00:00,89
2011-10-29 20:00:00,77
2011-10-29 21:00:00,58
2011-10-29 22:00:00,63
2011-10-29 23:00:00,42
2011-10-30 00:00:00,48
2011-10-30 01:00:00,36
2011-10-30 02:00:00,39
2011-10-30 03:00:00,12
2011-10-30 04:00:00,4
2011-10-30 05:00:00,4
2011-10-30 06:00:00,13
2011-10-30 07:00:00,30
2011-10-30 08:00:00,78
2011-10-30 09:00:00,124
2011-10-30 10:00:00,233
2011-10-30 11:00:00,281
2011-10-30 12:00:00,301
2011-10-30 13:00:00,332
2011-10-30 14:00:00,375
2011-10-30 15:00:00,411
2011-10-30 16:00:00,346
2011-10-30 17:00:00,297
2011-10-30 18:00:00,215
2011-10-30 19:00:00,237
2011-10-30 20:00:00,149
2011-10-30 21:00:00,111
2011-10-30 22:00:00,95
2011-10-30 23:00:00,67
2011-10-31 00:00:00,19
2011-10-31 01:00:00,10
2011-10-31 02:00:00,4
2011-10-31 03:00:00,3
2011-10-31 04:00:00,4
2011-10-31 05:00:00,17
2011-10-31 06:00:00,80
2011-10-31 07:00:00,286
2011-10-31 08:00:00,370
2011-10-31 09:00:00,209
2011-10-31 10:00:00,117
2011-10-31 11:00:00,143
2011-10-31 12:00:00,195
2011-10-31 13:00:00,160
2011-10-31 14:00:00,148
2011-10-31 15:00:00,177
2011-10-31 16:00:00,251
2011-10-31 17:00:00,455
2011-10-31 18:00:00,341
2011-10-31 19:00:00,245
2011-10-31 20:00:00,208
2011-10-31 21:00:00,132
2011-10-31 22:00:00,104
2011-10-31 23:00:00,61
2011-11-20 00:00:00,82
2011-11-20 01:00:00,51
2011-11-20 02:00:00,51
2011-11-20 03:00:00,18
2011-11-20 04:00:00,7
2011-11-20 05:00:00,6
2011-11-20 06:00:00,16
2011-11-20 07:00:00,50
2011-11-20 08:00:00,105
2011-11-20 09:00:00,165
2011-11-20 10:00:00,186
2011-11-20 11:00:00,257
2011-11-20 12:00:00,350
2011-11-20 13:00:00,359
2011-11-20 14:00:00,260
2011-11-20 15:00:00,317
2011-11-20 16:00:00,309
2011-11-20 17:00:00,277
2011-11-20 18:00:00,283
2011-11-20 19:00:00,182
2011-11-20 20:00:00,147
2011-11-20 21:00:00,109
2011-11-20 22:00:00,53
2011-11-20 23:00:00,39
2011-11-21 00:00:00,19
2011-11-21 01:00:00,10
2011-11-21 02:00:00,6
2011-11-21 03:00:00,2
2011-11-21 04:00:00,3
2011-11-21 05:00:00,13
2011-11-21 06:00:00,66
2011-11-21 07:00:00,230
2011-11-21 08:00:00,355
2011-11-21 09:00:00,140
2011-11-21 10:00:00,96
2011-11-21 11:00:00,96
2011-11-21 12:00:00,164
2011-11-21 13:00:00,142
2011-11-21 14:00:00,110
2011-11-21 15:00:00,76
2011-11-21 16:00:00,105
2011-11-21 17:00:00,165
2011-11-21 18:00:00,187
2011-11-21 19:00:00,122
2011-11-21 20:00:00,111
2011-11-21 21:00:00,73
2011-11-21 22:00:00,58
2011-11-21 23:00:00,39
2011-11-22 00:00:00,15
2011-11-22 01:00:00,10
2011-11-22 02:00:00,6
2011-11-22 03:00:00,3
2011-11-22 04:00:00,6
2011-11-22 05:00:00,12
2011-11-22 06:00:00,71
2011-11-22 07:00:00,142
2011-11-22 08:00:00,256
2011-11-22 09:00:00,101
2011-11-22 10:00:00,58
2011-11-22 11:00:00,67
2011-11-22 12:00:00,57
2011-11-22 13:00:00,47
2011-11-22 14:00:00,44
2011-11-22 15:00:00,62
2011-11-22 16:00:00,89
2011-11-22 17:00:00,112
2011-11-22 18:00:00,104
2011-11-22 19:00:00,100
2011-11-22 20:00:00,144
2011-11-22 21:00:00,96
2011-11-22 22:00:00,80
2011-11-22 23:00:00,56
2011-11-23 00:00:00,17
2011-11-23 01:00:00,9
2011-11-23 02:00:00,8
2011-11-23 03:00:00,3
2011-11-23 04:00:00,6
2011-11-23 05:00:00,11
2011-11-23 06:00:00,61
2011-11-23 07:00:00,190
2011-11-23 08:00:00,315
2011-11-23 09:00:00,186
2011-11-23 10:00:00,99
2011-11-23 11:00:00,110
2011-11-23 12:00:00,177
2011-11-23 13:00:00,134
2011-11-23 14:00:00,149
2011-11-23 15:00:00,139
2011-11-23 16:00:00,191
2011-11-23 17:00:00,251
2011-11-23 18:00:00,308
2011-11-23 19:00:00,251
2011-11-23 20:00:00,183
2011-11-23 21:00:00,113
2011-11-23 22:00:00,97
2011-11-23 23:00:00,64
2011-11-24 00:00:00,48
2011-11-24 01:00:00,17
2011-11-24 02:00:00,18
2011-11-24 03:00:00,7
2011-11-24 04:00:00,5
2011-11-24 05:00:00,4
2011-11-24 06:00:00,12
2011-11-24 07:00:00,51
2011-11-24 08:00:00,82
2011-11-24 09:00:00,90
2011-11-24 10:00:00,109
2011-11-24 11:00:00,231
2011-11-24 12:00:00,278
2011-11-24 13:00:00,265
2011-11-24 14:00:00,282
2011-11-24 15:00:00,246
2011-11-24 16:00:00,258
2011-11-24 17:00:00,255
2011-11-24 18:00:00,197
2011-11-24 19:00:00,146
2011-11-24 20:00:00,90
2011-11-24 21:00:00,109
2011-11-24 22:00:00,93
2011-11-24 23:00:00,45
2011-11-25 00:00:00,31
2011-11-25 01:00:00,8
2011-11-25 02:00:00,5
2011-11-25 03:00:00,2
2011-11-25 04:00:00,6
2011-11-25 05:00:00,19
2011-11-25 06:00:00,83
2011-11-25 07:00:00,316
2011-11-25 08:00:00,361
2011-11-25 09:00:00,193
2011-11-25 10:00:00,114
2011-11-25 11:00:00,132
2011-11-25 12:00:00,179
2011-11-25 13:00:00,181
2011-11-25 14:00:00,172
2011-11-25 15:00:00,198
2011-11-25 16:00:00,286
2011-11-25 17:00:00,505
2011-11-25 18:00:00,431
2011-11-25 19:00:00,239
2011-11-25 20:00:00,208
2011-11-25 21:00:00,128
2011-11-25 22:00:00,95
2011-11-25 23:00:00,54
2011-11-26 00:00:00,67
2011-11-26 01:00:00,56
2011-11-26 02:00:00,51
2011-11-26 03:00:00,15
2011-11-26 04:00:00,8
2011-11-26 05:00:00,6
2011-11-26 06:00:00,13
2011-11-26 07:00:00,39
2011-11-26 08:00:00,95
2011-11-26 09:00:00,140
2011-11-26 10:00:00,171
2011-11-26 11:00:00,278
2011-11-26 12:00:00,307
2011-11-26 13:00:00,326
2011-11-26 14:00:00,357
2011-11-26 15:00:00,393
2011-11-26 16:00:00,327
2011-11-26 17:00:00,309
2011-11-26 18:00:00,230
2011-11-26 19:00:00,155
2011-11-26 20:00:00,145
2011-11-26 21:00:00,105
2011-11-26 22:00:00,79
2011-11-26 23:00:00,51
2011-11-27 00:00:00,54
2011-11-27 01:00:00,42
2011-11-27 02:00:00,40
2011-11-27 03:00:00,12
2011-11-27 04:00:00,7
2011-11-27 05:00:00,5
2011-11-27 06:00:00,11
2011-11-27 07:00:00,51
2011-11-27 08:00:00,92
2011-11-27 09:00:00,167
2011-11-27 10:00:00,230
2011-11-27 11:00:00,267
2011-11-27 12:00:00,368
2011-11-27 13:00:00,390
2011-11-27 14:00:00,371
2011-11-27 15:00:00,424
2011-11-27 16:00:00,364
2011-11-27 17:00:00,368
2011-11-27 18:00:00,234
2011-11-27 19:00:00,190
2011-11-27 20:00:00,139
2011-11-27 21:00:00,116
2011-11-27 22:00:00,98
2011-11-27 23:00:00,61
2011-11-28 00:00:00,30
2011-11-28 01:00:00,11
2011-11-28 03:00:00,4
2011-11-28 04:00:00,4
2011-11-28 05:00:00,20
2011-11-28 06:00:00,91
2011-11-28 07:00:00,313
2011-11-28 08:00:00,394
2011-11-28 09:00:00,210
2011-11-28 10:00:00,111
2011-11-28 11:00:00,121
2011-11-28 12:00:00,204
2011-11-28 13:00:00,172
2011-11-28 14:00:00,184
2011-11-28 15:00:00,206
2011-11-28 16:00:00,282
2011-11-28 17:00:00,577
2011-11-28 18:00:00,420
2011-11-28 19:00:00,282
2011-11-28 20:00:00,197
2011-11-28 21:00:00,158
2011-11-28 22:00:00,97
2011-11-28 23:00:00,57
2011-11-29 00:00:00,18
2011-11-29 01:00:00,11
2011-11-29 02:00:00,6
2011-11-29 03:00:00,3
2011-11-29 04:00:00,6
2011-11-29 05:00:00,17
2011-11-29 06:00:00,103
2011-11-29 07:00:00,243
2011-11-29 08:00:00,460
2011-11-29 09:00:00,195
2011-11-29 10:00:00,111
2011-11-29 11:00:00,65
2011-11-29 12:00:00,77
2011-11-29 13:00:00,83
2011-11-29 14:00:00,67
2011-11-29 15:00:00,77
2011-11-29 16:00:00,113
2011-11-29 17:00:00,322
2011-11-29 18:00:00,301
2011-11-29 19:00:00,211
2011-11-29 20:00:00,173
2011-11-29 21:00:00,115
2011-11-29 22:00:00,107
2011-11-29 23:00:00,46
2011-11-30 00:00:00,33
2011-11-30 01:00:00,8
2011-11-30 02:00:00,6
2011-11-30 03:00:00,3
2011-11-30 04:00:00,6
2011-11-30 05:00:00,16
2011-11-30 06:00:00,72
2011-11-30 07:00:00,302
2011-11-30 08:00:00,354
2011-11-30 09:00:00,212
2011-11-30 10:00:00,108
2011-11-30 11:00:00,142
2011-11-30 12:00:00,158
2011-11-30 13:00:00,155
2011-11-30 14:00:00,146
2011-11-30 15:00:00,163
2011-11-30 16:00:00,214
2011-11-30 17:00:00,356
2011-11-30 18:00:00,306
2011-11-30 19:00:00,238
2011-11-30 20:00:00,167
2011-11-30 21:00:00,123
2011-11-30 22:00:00,95
2011-11-30 23:00:00,67
2011-12-20 00:00:00,31
2011-12-20 01:00:00,11
2011-12-20 02:00:00,6
2011-12-20 03:00:00,3
2011-12-20 04:00:00,5
2011-12-20 05:00:00,17
2011-12-20 06:00:00,68
2011-12-20 07:00:00,234
2011-12-20 08:00:00,347
2011-12-20 09:00:00,196
2011-12-20 10:00:00,111
2011-12-20 11:00:00,145
2011-12-20 12:00:00,165
2011-12-20 13:00:00,140
2011-12-20 14:00:00,139
2011-12-20 15:00:00,133
2011-12-20 16:00:00,199
2011-12-20 17:00:00,416
2011-12-20 18:00:00,342
2011-12-20 19:00:00,229
2011-12-20 20:00:00,170
2011-12-20 21:00:00,136
2011-12-20 22:00:00,89
2011-12-20 23:00:00,76
2011-12-21 00:00:00,18
2011-12-21 01:00:00,8
2011-12-21 02:00:00,4
2011-12-21 03:00:00,3
2011-12-21 04:00:00,2
2011-12-21 05:00:00,7
2011-12-21 06:00:00,35
2011-12-21 07:00:00,128
2011-12-21 08:00:00,147
2011-12-21 09:00:00,144
2011-12-21 10:00:00,71
2011-12-21 11:00:00,76
2011-12-21 12:00:00,38
2011-12-21 13:00:00,31
2011-12-21 14:00:00,82
2011-12-21 15:00:00,81
2011-12-21 16:00:00,31
2011-12-21 17:00:00,67
2011-12-21 18:00:00,112
2011-12-21 19:00:00,114
2011-12-21 20:00:00,89
2011-12-21 21:00:00,89
2011-12-21 22:00:00,78
2011-12-21 23:00:00,48
2011-12-22 00:00:00,20
2011-12-22 01:00:00,6
2011-12-22 02:00:00,7
2011-12-22 03:00:00,4
2011-12-22 04:00:00,2
2011-12-22 05:00:00,8
2011-12-22 06:00:00,37
2011-12-22 07:00:00,116
2011-12-22 08:00:00,220
2011-12-22 09:00:00,140
2011-12-22 10:00:00,68
2011-12-22 11:00:00,81
2011-12-22 12:00:00,112
2011-12-22 13:00:00,93
2011-12-22 14:00:00,90
2011-12-22 15:00:00,106
2011-12-22 16:00:00,119
2011-12-22 17:00:00,221
2011-12-22 18:00:00,210
2011-12-22 19:00:00,166
2011-12-22 20:00:00,46
2011-12-22 21:00:00,35
2011-12-22 22:00:00,39
2011-12-22 23:00:00,24
2011-12-23 00:00:00,11
2011-12-23 01:00:00,7
2011-12-23 02:00:00,4
2011-12-23 03:00:00,2
2011-12-23 04:00:00,1
2011-12-23 05:00:00,6
2011-12-23 06:00:00,56
2011-12-23 07:00:00,150
2011-12-23 08:00:00,302
2011-12-23 09:00:00,136
2011-12-23 10:00:00,65
2011-12-23 11:00:00,71
2011-12-23 12:00:00,76
2011-12-23 13:00:00,69
2011-12-23 14:00:00,73
2011-12-23 15:00:00,84
2011-12-23 16:00:00,99
2011-12-23 17:00:00,242
2011-12-23 18:00:00,189
2011-12-23 19:00:00,149
2011-12-23 20:00:00,80
2011-12-23 21:00:00,75
2011-12-23 22:00:00,55
2011-12-23 23:00:00,28
2011-12-24 00:00:00,41
2011-12-24 01:00:00,26
2011-12-24 02:00:00,24
2011-12-24 03:00:00,14
2011-12-24 04:00:00,3
2011-12-24 05:00:00,2
2011-12-24 06:00:00,3
2011-12-24 07:00:00,18
2011-12-24 08:00:00,33
2011-12-24 09:00:00,58
2011-12-24 10:00:00,77
2011-12-24 11:00:00,125
2011-12-24 12:00:00,151
2011-12-24 13:00:00,143
2011-12-24 14:00:00,138
2011-12-24 15:00:00,128
2011-12-24 16:00:00,108
2011-12-24 17:00:00,79
2011-12-24 18:00:00,79
2011-12-24 19:00:00,59
2011-12-24 20:00:00,51
2011-12-24 21:00:00,42
2011-12-24 22:00:00,29
2011-12-24 23:00:00,23
2011-12-25 00:00:00,29
2011-12-25 01:00:00,28
2011-12-25 02:00:00,22
2011-12-25 03:00:00,14
2011-12-25 05:00:00,3
2011-12-25 06:00:00,3
2011-12-25 07:00:00,11
2011-12-25 08:00:00,26
2011-12-25 09:00:00,54
2011-12-25 10:00:00,78
2011-12-25 11:00:00,105
2011-12-25 12:00:00,115
2011-12-25 13:00:00,132
2011-12-25 14:00:00,134
2011-12-25 15:00:00,151
2011-12-25 16:00:00,127
2011-12-25 17:00:00,123
2011-12-25 18:00:00,91
2011-12-25 19:00:00,75
2011-12-25 20:00:00,52
2011-12-25 21:00:00,48
2011-12-25 22:00:00,38
2011-12-25 23:00:00,22
2011-12-26 00:00:00,26
2011-12-26 01:00:00,24
2011-12-26 02:00:00,15
2011-12-26 04:00:00,2
2011-12-26 05:00:00,2
2011-12-26 06:00:00,5
2011-12-26 07:00:00,17
2011-12-26 08:00:00,36
2011-12-26 09:00:00,50
2011-12-26 10:00:00,73
2011-12-26 11:00:00,75
2011-12-26 12:00:00,83
2011-12-26 13:00:00,99
2011-12-26 14:00:00,108
2011-12-26 15:00:00,104
2011-12-26 16:00:00,84
2011-12-26 17:00:00,102
2011-12-26 18:00:00,77
2011-12-26 19:00:00,60
2011-12-26 20:00:00,52
2011-12-26 21:00:00,44
2011-12-26 22:00:00,34
2011-12-26 23:00:00,25
2011-12-27 00:00:00,12
2011-12-27 01:00:00,5
2011-12-27 02:00:00,3
2011-12-27 03:00:00,2
2011-12-27 04:00:00,2
2011-12-27 05:00:00,6
2011-12-27 06:00:00,37
2011-12-27 07:00:00,108
2011-12-27 08:00:00,218
2011-12-27 09:00:00,61
2011-12-27 10:00:00,59
2011-12-27 11:00:00,32
2011-12-27 12:00:00,38
2011-12-27 13:00:00,38
2011-12-27 14:00:00,31
2011-12-27 15:00:00,36
2011-12-27 16:00:00,48
2011-12-27 17:00:00,146
2011-12-27 18:00:00,183
2011-12-27 19:00:00,138
2011-12-27 20:00:00,85
2011-12-27 21:00:00,68
2011-12-27 22:00:00,51
2011-12-27 23:00:00,26
2011-12-28 00:00:00,12
2011-12-28 01:00:00,6
2011-12-28 02:00:00,3
2011-12-28 03:00:00,4
2011-12-28 05:00:00,6
2011-12-28 06:00:00,41
2011-12-28 07:00:00,124
2011-12-28 08:00:00,186
2011-12-28 09:00:00,120
2011-12-28 10:00:00,65
2011-12-28 11:00:00,71
2011-12-28 12:00:00,80
2011-12-28 13:00:00,71
2011-12-28 14:00:00,66
2011-12-28 15:00:00,68
2011-12-28 16:00:00,87
2011-12-28 17:00:00,188
2011-12-28 18:00:00,176
2011-12-28 19:00:00,138
2011-12-28 20:00:00,90
2011-12-28 21:00:00,57
2011-12-28 22:00:00,47
2011-12-28 23:00:00,23
2011-12-29 00:00:00,10
2011-12-29 01:00:00,5
2011-12-29 02:00:00,2
2011-12-29 03:00:00,2
2011-12-29 04:00:00,1
2011-12-29 05:00:00,7
2011-12-29 06:00:00,30
2011-12-29 07:00:00,102
2011-12-29 08:00:00,187
2011-12-29 09:00:00,118
2011-12-29 10:00:00,44
2011-12-29 11:00:00,58
2011-12-29 12:00:00,68
2011-12-29 13:00:00,62
2011-12-29 14:00:00,55
2011-12-29 15:00:00,63
2011-12-29 16:00:00,88
2011-12-29 17:00:00,197
2011-12-29 18:00:00,191
2011-12-29 19:00:00,145
2011-12-29 20:00:00,71
2011-12-29 21:00:00,57
2011-12-29 22:00:00,41
2011-12-29 23:00:00,27
2011-12-30 00:00:00,13
2011-12-30 01:00:00,4
2011-12-30 02:00:00,3
2011-12-30 03:00:00,3
2011-12-30 04:00:00,1
2011-12-30 05:00:00,6
2011-12-30 06:00:00,32
2011-12-30 07:00:00,103
2011-12-30 08:00:00,211
2011-12-30 09:00:00,130
2011-12-30 10:00:00,58
2011-12-30 11:00:00,71
2011-12-30 12:00:00,80
2011-12-30 13:00:00,78
2011-12-30 14:00:00,71
2011-12-30 15:00:00,84
2011-12-30 16:00:00,113
2011-12-30 17:00:00,235
2011-12-30 18:00:00,215
2011-12-30 19:00:00,125
2011-12-30 20:00:00,89
2011-12-30 21:00:00,73
2011-12-30 22:00:00,50
2011-12-30 23:00:00,30
2011-12-31 00:00:00,44
2011-12-31 01:00:00,37
2011-12-31 02:00:00,28
2011-12-31 03:00:00,15
2011-12-31 04:00:00,2
2011-12-31 05:00:00,3
2011-12-31 06:00:00,5
2011-12-31 07:00:00,11
2011-12-31 08:00:00,37
2011-12-31 09:00:00,71
2011-12-31 10:00:00,96
2011-12-31 11:00:00,139
2011-12-31 12:00:00,215
2011-12-31 13:00:00,182
2011-12-31 14:00:00,178
2011-12-31 15:00:00,169
2011-12-31 16:00:00,124
2011-12-31 17:00:00,142
2011-12-31 18:00:00,114
2011-12-31 19:00:00,100
2011-12-31 20:00:00,80
2011-12-31 21:00:00,66
2011-12-31 22:00:00,55
2011-12-31 23:00:00,30
2012-01-20 00:00:00,19
2012-01-20 01:00:00,8
2012-01-20 02:00:00,5
2012-01-20 03:00:00,5
2012-01-20 04:00:00,5
2012-01-20 05:00:00,24
2012-01-20 06:00:00,85
2012-01-20 07:00:00,221
2012-01-20 08:00:00,438
2012-01-20 09:00:00,239
2012-01-20 10:00:00,117
2012-01-20 11:00:00,134
2012-01-20 12:00:00,156
2012-01-20 13:00:00,149
2012-01-20 14:00:00,136
2012-01-20 15:00:00,147
2012-01-20 16:00:00,181
2012-01-20 17:00:00,276
2012-01-20 18:00:00,267
2012-01-20 19:00:00,259
2012-01-20 20:00:00,153
2012-01-20 21:00:00,128
2012-01-20 22:00:00,90
2012-01-20 23:00:00,32
2012-01-21 00:00:00,25
2012-01-21 01:00:00,37
2012-01-21 02:00:00,21
2012-01-21 03:00:00,12
2012-01-21 04:00:00,4
2012-01-21 05:00:00,5
2012-01-21 06:00:00,7
2012-01-21 07:00:00,22
2012-01-21 08:00:00,59
2012-01-21 09:00:00,89
2012-01-21 10:00:00,97
2012-01-21 11:00:00,150
2012-01-21 12:00:00,169
2012-01-21 13:00:00,191
2012-01-21 14:00:00,110
2012-01-21 15:00:00,134
2012-01-21 16:00:00,183
2012-01-21 17:00:00,122
2012-01-21 18:00:00,93
2012-01-21 19:00:00,96
2012-01-21 20:00:00,91
2012-01-21 21:00:00,79
2012-01-21 22:00:00,56
2012-01-21 23:00:00,35
2012-01-22 00:00:00,28
2012-01-22 01:00:00,37
2012-01-22 02:00:00,46
2012-01-22 03:00:00,15
2012-01-22 04:00:00,4
2012-01-22 05:00:00,7
2012-01-22 06:00:00,13
2012-01-22 07:00:00,29
2012-01-22 08:00:00,69
2012-01-22 09:00:00,111
2012-01-22 10:00:00,122
2012-01-22 11:00:00,128
2012-01-22 12:00:00,180
2012-01-22 13:00:00,203
2012-01-22 14:00:00,159
2012-01-22 15:00:00,190
2012-01-22 16:00:00,186
2012-01-22 17:00:00,156
2012-01-22 18:00:00,70
2012-01-22 19:00:00,96
2012-01-22 20:00:00,67
2012-01-22 21:00:00,54
2012-01-22 22:00:00,52
2012-01-22 23:00:00,32
2012-01-23 00:00:00,14
2012-01-23 01:00:00,10
2012-01-23 02:00:00,6
2012-01-23 03:00:00,2
2012-01-23 04:00:00,3
2012-01-23 05:00:00,17
2012-01-23 06:00:00,56
2012-01-23 07:00:00,115
2012-01-23 08:00:00,302
2012-01-23 09:00:00,209
2012-01-23 10:00:00,88
2012-01-23 11:00:00,91
2012-01-23 12:00:00,85
2012-01-23 13:00:00,65
2012-01-23 14:00:00,62
2012-01-23 15:00:00,94
2012-01-23 16:00:00,154
2012-01-23 17:00:00,221
2012-01-23 18:00:00,222
2012-01-23 19:00:00,171
2012-01-23 20:00:00,118
2012-01-23 21:00:00,101
2012-01-23 22:00:00,75
2012-01-23 23:00:00,29
2012-01-24 00:00:00,15
2012-01-24 01:00:00,6
2012-01-24 02:00:00,4
2012-01-24 03:00:00,2
2012-01-24 04:00:00,3
2012-01-24 05:00:00,14
2012-01-24 06:00:00,53
2012-01-24 07:00:00,199
2012-01-24 08:00:00,346
2012-01-24 09:00:00,205
2012-01-24 10:00:00,115
2012-01-24 11:00:00,122
2012-01-24 12:00:00,133
2012-01-24 13:00:00,124
2012-01-24 14:00:00,124
2012-01-24 15:00:00,162
2012-01-24 16:00:00,249
2012-01-24 17:00:00,444
2012-01-24 18:00:00,491
2012-01-24 19:00:00,307
2012-01-24 20:00:00,170
2012-01-24 21:00:00,167
2012-01-24 22:00:00,104
2012-01-24 23:00:00,55
2012-01-25 00:00:00,12
2012-01-25 01:00:00,10
2012-01-25 02:00:00,7
2012-01-25 03:00:00,4
2012-01-25 04:00:00,4
2012-01-25 05:00:00,21
2012-01-25 06:00:00,84
2012-01-25 07:00:00,216
2012-01-25 08:00:00,448
2012-01-25 09:00:00,228
2012-01-25 10:00:00,96
2012-01-25 11:00:00,104
2012-01-25 12:00:00,163
2012-01-25 13:00:00,165
2012-01-25 14:00:00,141
2012-01-25 15:00:00,184
2012-01-25 16:00:00,212
2012-01-25 17:00:00,414
2012-01-25 18:00:00,344
2012-01-25 19:00:00,199
2012-01-25 20:00:00,179
2012-01-25 21:00:00,125
2012-01-25 22:00:00,93
2012-01-25 23:00:00,37
2012-01-26 00:00:00,23
2012-01-26 01:00:00,7
2012-01-26 02:00:00,7
2012-01-26 03:00:00,3
2012-01-26 04:00:00,4
2012-01-26 05:00:00,18
2012-01-26 06:00:00,72
2012-01-26 07:00:00,220
2012-01-26 08:00:00,400
2012-01-26 09:00:00,228
2012-01-26 10:00:00,98
2012-01-26 11:00:00,94
2012-01-26 12:00:00,139
2012-01-26 13:00:00,141
2012-01-26 14:00:00,136
2012-01-26 15:00:00,154
2012-01-26 16:00:00,212
2012-01-26 17:00:00,375
2012-01-26 18:00:00,381
2012-01-26 19:00:00,254
2012-01-26 20:00:00,157
2012-01-26 21:00:00,151
2012-01-26 22:00:00,120
2012-01-26 23:00:00,65
2012-01-27 00:00:00,25
2012-01-27 01:00:00,9
2012-01-27 02:00:00,9
2012-01-27 03:00:00,3
2012-01-27 04:00:00,4
2012-01-27 05:00:00,15
2012-01-27 06:00:00,71
2012-01-27 07:00:00,153
2012-01-27 08:00:00,173
2012-01-27 09:00:00,99
2012-01-27 10:00:00,45
2012-01-27 11:00:00,100
2012-01-27 12:00:00,121
2012-01-27 13:00:00,216
2012-01-27 14:00:00,226
2012-01-27 15:00:00,218
2012-01-27 16:00:00,227
2012-01-27 17:00:00,359
2012-01-27 18:00:00,386
2012-01-27 19:00:00,264
2012-01-27 20:00:00,171
2012-01-27 21:00:00,161
2012-01-27 22:00:00,96
2012-01-27 23:00:00,52
2012-01-28 00:00:00,38
2012-01-28 01:00:00,45
2012-01-28 02:00:00,37
2012-01-28 03:00:00,28
2012-01-28 04:00:00,6
2012-01-28 05:00:00,6
2012-01-28 06:00:00,9
2012-01-28 07:00:00,38
2012-01-28 08:00:00,64
2012-01-28 09:00:00,119
2012-01-28 10:00:00,154
2012-01-28 11:00:00,236
2012-01-28 12:00:00,228
2012-01-28 13:00:00,269
2012-01-28 14:00:00,245
2012-01-28 15:00:00,316
2012-01-28 16:00:00,331
2012-01-28 17:00:00,315
2012-01-28 18:00:00,282
2012-01-28 19:00:00,209
2012-01-28 20:00:00,172
2012-01-28 21:00:00,134
2012-01-28 22:00:00,111
2012-01-28 23:00:00,58
2012-01-29 00:00:00,52
2012-01-29 01:00:00,42
2012-01-29 02:00:00,37
2012-01-29 03:00:00,21
2012-01-29 04:00:00,6
2012-01-29 05:00:00,5
2012-01-29 06:00:00,11
2012-01-29 07:00:00,38
2012-01-29 08:00:00,80
2012-01-29 09:00:00,112
2012-01-29 10:00:00,176
2012-01-29 11:00:00,221
2012-01-29 12:00:00,290
2012-01-29 13:00:00,309
2012-01-29 14:00:00,272
2012-01-29 15:00:00,372
2012-01-29 16:00:00,296
2012-01-29 17:00:00,252
2012-01-29 18:00:00,208
2012-01-29 19:00:00,161
2012-01-29 20:00:00,123
2012-01-29 21:00:00,105
2012-01-29 22:00:00,100
2012-01-29 23:00:00,61
2012-01-30 00:00:00,31
2012-01-30 01:00:00,6
2012-01-30 02:00:00,6
2012-01-30 03:00:00,3
2012-01-30 04:00:00,4
2012-01-30 05:00:00,21
2012-01-30 06:00:00,78
2012-01-30 07:00:00,213
2012-01-30 08:00:00,472
2012-01-30 09:00:00,233
2012-01-30 10:00:00,134
2012-01-30 11:00:00,128
2012-01-30 12:00:00,193
2012-01-30 13:00:00,182
2012-01-30 14:00:00,163
2012-01-30 15:00:00,182
2012-01-30 16:00:00,242
2012-01-30 17:00:00,477
2012-01-30 18:00:00,395
2012-01-30 19:00:00,249
2012-01-30 20:00:00,186
2012-01-30 21:00:00,136
2012-01-30 22:00:00,96
2012-01-30 23:00:00,53
2012-01-31 00:00:00,21
2012-01-31 01:00:00,8
2012-01-31 02:00:00,6
2012-01-31 03:00:00,4
2012-01-31 04:00:00,5
2012-01-31 05:00:00,21
2012-01-31 06:00:00,68
2012-01-31 07:00:00,250
2012-01-31 08:00:00,482
2012-01-31 09:00:00,226
2012-01-31 10:00:00,104
2012-01-31 11:00:00,184
2012-01-31 12:00:00,195
2012-01-31 13:00:00,226
2012-01-31 14:00:00,214
2012-01-31 15:00:00,206
2012-01-31 16:00:00,260
2012-01-31 17:00:00,492
2012-01-31 18:00:00,514
2012-01-31 19:00:00,361
2012-01-31 20:00:00,224
2012-01-31 21:00:00,184
2012-01-31 22:00:00,130
2012-01-31 23:00:00,68
2012-02-20 00:00:00,66
2012-02-20 01:00:00,75
2012-02-20 02:00:00,46
2012-02-20 03:00:00,11
2012-02-20 05:00:00,4
2012-02-20 06:00:00,7
2012-02-20 07:00:00,16
2012-02-20 08:00:00,58
2012-02-20 09:00:00,97
2012-02-20 10:00:00,98
2012-02-20 11:00:00,171
2012-02-20 12:00:00,213
2012-02-20 13:00:00,189
2012-02-20 14:00:00,161
2012-02-20 15:00:00,209
2012-02-20 16:00:00,226
2012-02-20 17:00:00,212
2012-02-20 18:00:00,167
2012-02-20 19:00:00,123
2012-02-20 20:00:00,106
2012-02-20 21:00:00,84
2012-02-20 22:00:00,75
2012-02-20 23:00:00,39
2012-02-21 00:00:00,18
2012-02-21 01:00:00,8
2012-02-21 02:00:00,5
2012-02-21 04:00:00,3
2012-02-21 05:00:00,15
2012-02-21 06:00:00,63
2012-02-21 07:00:00,208
2012-02-21 08:00:00,381
2012-02-21 09:00:00,222
2012-02-21 10:00:00,96
2012-02-21 11:00:00,96
2012-02-21 12:00:00,134
2012-02-21 13:00:00,150
2012-02-21 14:00:00,119
2012-02-21 15:00:00,145
2012-02-21 16:00:00,231
2012-02-21 17:00:00,441
2012-02-21 18:00:00,426
2012-02-21 19:00:00,248
2012-02-21 20:00:00,198
2012-02-21 21:00:00,165
2012-02-21 22:00:00,102
2012-02-21 23:00:00,56
2012-02-22 00:00:00,27
2012-02-22 01:00:00,11
2012-02-22 02:00:00,4
2012-02-22 03:00:00,3
2012-02-22 04:00:00,4
2012-02-22 05:00:00,19
2012-02-22 06:00:00,74
2012-02-22 07:00:00,288
2012-02-22 08:00:00,466
2012-02-22 09:00:00,268
2012-02-22 10:00:00,132
2012-02-22 11:00:00,172
2012-02-22 12:00:00,183
2012-02-22 13:00:00,183
2012-02-22 14:00:00,157
2012-02-22 15:00:00,192
2012-02-22 16:00:00,248
2012-02-22 17:00:00,539
2012-02-22 18:00:00,466
2012-02-22 19:00:00,351
2012-02-22 20:00:00,207
2012-02-22 21:00:00,161
2012-02-22 22:00:00,122
2012-02-22 23:00:00,62
2012-02-23 00:00:00,35
2012-02-23 01:00:00,11
2012-02-23 02:00:00,6
2012-02-23 03:00:00,2
2012-02-23 04:00:00,3
2012-02-23 05:00:00,21
2012-02-23 06:00:00,118
2012-02-23 07:00:00,276
2012-02-23 08:00:00,584
2012-02-23 09:00:00,255
2012-02-23 10:00:00,154
2012-02-23 11:00:00,175
2012-02-23 12:00:00,222
2012-02-23 13:00:00,205
2012-02-23 14:00:00,174
2012-02-23 15:00:00,213
2012-02-23 16:00:00,271
2012-02-23 17:00:00,551
2012-02-23 18:00:00,488
2012-02-23 19:00:00,341
2012-02-23 20:00:00,256
2012-02-23 21:00:00,168
2012-02-23 22:00:00,149
2012-02-23 23:00:00,98
2012-02-24 00:00:00,41
2012-02-24 01:00:00,14
2012-02-24 02:00:00,4
2012-02-24 03:00:00,3
2012-02-24 04:00:00,5
2012-02-24 05:00:00,23
2012-02-24 06:00:00,117
2012-02-24 07:00:00,272
2012-02-24 08:00:00,586
2012-02-24 09:00:00,133
2012-02-24 10:00:00,75
2012-02-24 11:00:00,143
2012-02-24 12:00:00,185
2012-02-24 13:00:00,170
2012-02-24 14:00:00,197
2012-02-24 15:00:00,108
2012-02-24 16:00:00,160
2012-02-24 17:00:00,192
2012-02-24 18:00:00,336
2012-02-24 19:00:00,309
2012-02-24 20:00:00,210
2012-02-24 21:00:00,162
2012-02-24 22:00:00,122
2012-02-24 23:00:00,74
2012-02-25 00:00:00,74
2012-02-25 01:00:00,49
2012-02-25 02:00:00,28
2012-02-25 03:00:00,13
2012-02-25 04:00:00,6
2012-02-25 05:00:00,4
2012-02-25 06:00:00,8
2012-02-25 07:00:00,30
2012-02-25 08:00:00,60
2012-02-25 09:00:00,52
2012-02-25 10:00:00,164
2012-02-25 11:00:00,211
2012-02-25 12:00:00,278
2012-02-25 13:00:00,287
2012-02-25 14:00:00,254
2012-02-25 15:00:00,282
2012-02-25 16:00:00,243
2012-02-25 17:00:00,202
2012-02-25 18:00:00,145
2012-02-25 19:00:00,103
2012-02-25 20:00:00,92
2012-02-25 21:00:00,66
2012-02-25 22:00:00,59
2012-02-25 23:00:00,42
2012-02-26 00:00:00,38
2012-02-26 01:00:00,31
2012-02-26 02:00:00,28
2012-02-26 03:00:00,10
2012-02-26 04:00:00,4
2012-02-26 05:00:00,3
2012-02-26 06:00:00,7
2012-02-26 07:00:00,16
2012-02-26 08:00:00,53
2012-02-26 09:00:00,90
2012-02-26 10:00:00,153
2012-02-26 11:00:00,181
2012-02-26 12:00:00,276
2012-02-26 13:00:00,298
2012-02-26 14:00:00,270
2012-02-26 15:00:00,357
2012-02-26 16:00:00,310
2012-02-26 17:00:00,263
2012-02-26 18:00:00,186
2012-02-26 19:00:00,157
2012-02-26 20:00:00,128
2012-02-26 21:00:00,94
2012-02-26 22:00:00,81
2012-02-26 23:00:00,58
2012-02-27 00:00:00,19
2012-02-27 01:00:00,5
2012-02-27 02:00:00,4
2012-02-27 03:00:00,2
2012-02-27 04:00:00,2
2012-02-27 05:00:00,14
2012-02-27 06:00:00,66
2012-02-27 07:00:00,274
2012-02-27 08:00:00,564
2012-02-27 09:00:00,278
2012-02-27 10:00:00,123
2012-02-27 11:00:00,158
2012-02-27 12:00:00,185
2012-02-27 13:00:00,188
2012-02-27 14:00:00,179
2012-02-27 15:00:00,173
2012-02-27 16:00:00,234
2012-02-27 17:00:00,434
2012-02-27 18:00:00,392
2012-02-27 19:00:00,316
2012-02-27 20:00:00,210
2012-02-27 21:00:00,171
2012-02-27 22:00:00,140
2012-02-27 23:00:00,83
2012-02-28 00:00:00,43
2012-02-28 01:00:00,15
2012-02-28 02:00:00,9
2012-02-28 03:00:00,2
2012-02-28 04:00:00,4
2012-02-28 05:00:00,17
2012-02-28 06:00:00,75
2012-02-28 07:00:00,212
2012-02-28 08:00:00,471
2012-02-28 09:00:00,238
2012-02-28 10:00:00,126
2012-02-28 11:00:00,145
2012-02-28 12:00:00,193
2012-02-28 13:00:00,180
2012-02-28 14:00:00,171
2012-02-28 15:00:00,203
2012-02-28 16:00:00,256
2012-02-28 17:00:00,477
2012-02-28 18:00:00,442
2012-02-28 19:00:00,291
2012-02-28 20:00:00,216
2012-02-28 21:00:00,143
2012-02-28 22:00:00,111
2012-02-28 23:00:00,67
2012-02-29 00:00:00,31
2012-02-29 01:00:00,10
2012-02-29 02:00:00,5
2012-02-29 03:00:00,2
2012-02-29 05:00:00,16
2012-02-29 06:00:00,77
2012-02-29 07:00:00,271
2012-02-29 08:00:00,454
2012-02-29 09:00:00,124
2012-02-29 10:00:00,62
2012-02-29 11:00:00,92
2012-02-29 12:00:00,83
2012-02-29 13:00:00,139
2012-02-29 14:00:00,122
2012-02-29 15:00:00,173
2012-02-29 16:00:00,119
2012-02-29 17:00:00,448
2012-02-29 18:00:00,215
2012-02-29 19:00:00,291
2012-02-29 20:00:00,163
2012-02-29 21:00:00,121
2012-02-29 22:00:00,104
2012-02-29 23:00:00,73
2012-03-20 00:00:00,43
2012-03-20 01:00:00,14
2012-03-20 02:00:00,10
2012-03-20 03:00:00,4
2012-03-20 04:00:00,5
2012-03-20 05:00:00,27
2012-03-20 06:00:00,148
2012-03-20 07:00:00,122
2012-03-20 08:00:00,645
2012-03-20 09:00:00,359
2012-03-20 10:00:00,160
2012-03-20 11:00:00,155
2012-03-20 12:00:00,214
2012-03-20 13:00:00,188
2012-03-20 14:00:00,193
2012-03-20 15:00:00,229
2012-03-20 16:00:00,318
2012-03-20 17:00:00,597
2012-03-20 18:00:00,666
2012-03-20 19:00:00,424
2012-03-20 20:00:00,326
2012-03-20 21:00:00,227
2012-03-20 22:00:00,163
2012-03-20 23:00:00,107
2012-03-21 00:00:00,37
2012-03-21 01:00:00,19
2012-03-21 02:00:00,11
2012-03-21 03:00:00,4
2012-03-21 04:00:00,7
2012-03-21 05:00:00,26
2012-03-21 06:00:00,132
2012-03-21 07:00:00,136
2012-03-21 08:00:00,343
2012-03-21 09:00:00,321
2012-03-21 10:00:00,195
2012-03-21 11:00:00,194
2012-03-21 12:00:00,278
2012-03-21 13:00:00,183
2012-03-21 14:00:00,207
2012-03-21 15:00:00,246
2012-03-21 16:00:00,344
2012-03-21 17:00:00,768
2012-03-21 18:00:00,654
2012-03-21 19:00:00,482
2012-03-21 20:00:00,270
2012-03-21 21:00:00,176
2012-03-21 22:00:00,153
2012-03-21 23:00:00,129
2012-03-22 00:00:00,31
2012-03-22 01:00:00,19
2012-03-22 02:00:00,12
2012-03-22 03:00:00,4
2012-03-22 04:00:00,7
2012-03-22 05:00:00,22
2012-03-22 06:00:00,104
2012-03-22 07:00:00,274
2012-03-22 08:00:00,624
2012-03-22 09:00:00,255
2012-03-22 10:00:00,120
2012-03-22 11:00:00,174
2012-03-22 12:00:00,194
2012-03-22 13:00:00,202
2012-03-22 14:00:00,230
2012-03-22 15:00:00,285
2012-03-22 16:00:00,373
2012-03-22 17:00:00,796
2012-03-22 18:00:00,765
2012-03-22 19:00:00,674
2012-03-22 20:00:00,402
2012-03-22 21:00:00,213
2012-03-22 22:00:00,169
2012-03-22 23:00:00,115
2012-03-23 00:00:00,32
2012-03-23 01:00:00,18
2012-03-23 02:00:00,13
2012-03-23 03:00:00,4
2012-03-23 04:00:00,8
2012-03-23 05:00:00,30
2012-03-23 06:00:00,123
2012-03-23 07:00:00,318
2012-03-23 08:00:00,663
2012-03-23 09:00:00,380
2012-03-23 10:00:00,177
2012-03-23 11:00:00,197
2012-03-23 12:00:00,363
2012-03-23 13:00:00,330
2012-03-23 14:00:00,296
2012-03-23 15:00:00,318
2012-03-23 16:00:00,439
2012-03-23 17:00:00,836
2012-03-23 18:00:00,765
2012-03-23 19:00:00,530
2012-03-23 20:00:00,378
2012-03-23 21:00:00,313
2012-03-23 22:00:00,235
2012-03-23 23:00:00,123
2012-03-24 00:00:00,130
2012-03-24 01:00:00,111
2012-03-24 02:00:00,75
2012-03-24 03:00:00,27
2012-03-24 04:00:00,13
2012-03-24 05:00:00,15
2012-03-24 06:00:00,24
2012-03-24 07:00:00,53
2012-03-24 08:00:00,167
2012-03-24 09:00:00,312
2012-03-24 10:00:00,316
2012-03-24 11:00:00,293
2012-03-24 12:00:00,158
2012-03-24 13:00:00,181
2012-03-24 14:00:00,131
2012-03-24 15:00:00,107
2012-03-24 16:00:00,150
2012-03-24 17:00:00,126
2012-03-24 18:00:00,153
2012-03-24 19:00:00,164
2012-03-24 20:00:00,104
2012-03-24 21:00:00,79
2012-03-24 22:00:00,87
2012-03-24 23:00:00,110
2012-03-25 00:00:00,81
2012-03-25 01:00:00,81
2012-03-25 02:00:00,27
2012-03-25 03:00:00,19
2012-03-25 04:00:00,14
2012-03-25 05:00:00,9
2012-03-25 06:00:00,27
2012-03-25 07:00:00,45
2012-03-25 08:00:00,127
2012-03-25 09:00:00,199
2012-03-25 10:00:00,273
2012-03-25 11:00:00,336
2012-03-25 12:00:00,381
2012-03-25 13:00:00,400
2012-03-25 14:00:00,367
2012-03-25 15:00:00,362
2012-03-25 16:00:00,436
2012-03-25 17:00:00,393
2012-03-25 18:00:00,358
2012-03-25 19:00:00,328
2012-03-25 20:00:00,220
2012-03-25 21:00:00,173
2012-03-25 22:00:00,138
2012-03-25 23:00:00,103
2012-03-26 00:00:00,36
2012-03-26 01:00:00,16
2012-03-26 02:00:00,10
2012-03-26 03:00:00,5
2012-03-26 04:00:00,6
2012-03-26 05:00:00,33
2012-03-26 06:00:00,166
2012-03-26 07:00:00,451
2012-03-26 08:00:00,819
2012-03-26 09:00:00,379
2012-03-26 10:00:00,197
2012-03-26 11:00:00,237
2012-03-26 12:00:00,349
2012-03-26 13:00:00,275
2012-03-26 14:00:00,301
2012-03-26 15:00:00,290
2012-03-26 16:00:00,432
2012-03-26 17:00:00,704
2012-03-26 18:00:00,565
2012-03-26 19:00:00,465
2012-03-26 20:00:00,315
2012-03-26 21:00:00,202
2012-03-26 22:00:00,179
2012-03-26 23:00:00,90
2012-03-27 00:00:00,34
2012-03-27 01:00:00,11
2012-03-27 02:00:00,7
2012-03-27 03:00:00,3
2012-03-27 04:00:00,7
2012-03-27 05:00:00,31
2012-03-27 06:00:00,105
2012-03-27 07:00:00,292
2012-03-27 08:00:00,742
2012-03-27 09:00:00,321
2012-03-27 10:00:00,179
2012-03-27 11:00:00,157
2012-03-27 12:00:00,218
2012-03-27 13:00:00,253
2012-03-27 14:00:00,266
2012-03-27 15:00:00,295
2012-03-27 16:00:00,362
2012-03-27 17:00:00,674
2012-03-27 18:00:00,682
2012-03-27 19:00:00,520
2012-03-27 20:00:00,345
2012-03-27 21:00:00,204
2012-03-27 22:00:00,175
2012-03-27 23:00:00,109
2012-03-28 00:00:00,42
2012-03-28 01:00:00,19
2012-03-28 02:00:00,5
2012-03-28 03:00:00,4
2012-03-28 04:00:00,8
2012-03-28 05:00:00,38
2012-03-28 06:00:00,115
2012-03-28 07:00:00,362
2012-03-28 08:00:00,756
2012-03-28 09:00:00,382
2012-03-28 10:00:00,239
2012-03-28 11:00:00,303
2012-03-28 12:00:00,309
2012-03-28 13:00:00,306
2012-03-28 14:00:00,329
2012-03-28 15:00:00,311
2012-03-28 16:00:00,368
2012-03-28 17:00:00,804
2012-03-28 18:00:00,782
2012-03-28 19:00:00,594
2012-03-28 20:00:00,425
2012-03-28 21:00:00,334
2012-03-28 22:00:00,222
2012-03-28 23:00:00,106
2012-03-29 00:00:00,44
2012-03-29 01:00:00,33
2012-03-29 02:00:00,7
2012-03-29 03:00:00,5
2012-03-29 04:00:00,9
2012-03-29 05:00:00,38
2012-03-29 06:00:00,171
2012-03-29 07:00:00,461
2012-03-29 08:00:00,840
2012-03-29 09:00:00,389
2012-03-29 10:00:00,213
2012-03-29 11:00:00,263
2012-03-29 12:00:00,310
2012-03-29 13:00:00,319
2012-03-29 14:00:00,330
2012-03-29 15:00:00,318
2012-03-29 16:00:00,427
2012-03-29 17:00:00,819
2012-03-29 18:00:00,785
2012-03-29 19:00:00,562
2012-03-29 20:00:00,378
2012-03-29 21:00:00,212
2012-03-29 22:00:00,195
2012-03-29 23:00:00,126
2012-03-30 00:00:00,41
2012-03-30 01:00:00,18
2012-03-30 02:00:00,6
2012-03-30 03:00:00,5
2012-03-30 04:00:00,7
2012-03-30 05:00:00,33
2012-03-30 06:00:00,103
2012-03-30 07:00:00,349
2012-03-30 08:00:00,570
2012-03-30 09:00:00,327
2012-03-30 10:00:00,167
2012-03-30 11:00:00,183
2012-03-30 12:00:00,247
2012-03-30 13:00:00,103
2012-03-30 14:00:00,99
2012-03-30 15:00:00,113
2012-03-30 16:00:00,185
2012-03-30 17:00:00,671
2012-03-30 18:00:00,551
2012-03-30 19:00:00,482
2012-03-30 20:00:00,335
2012-03-30 21:00:00,222
2012-03-30 22:00:00,165
2012-03-30 23:00:00,107
2012-03-31 00:00:00,76
2012-03-31 01:00:00,83
2012-03-31 02:00:00,47
2012-03-31 03:00:00,29
2012-03-31 04:00:00,9
2012-03-31 05:00:00,10
2012-03-31 06:00:00,19
2012-03-31 07:00:00,39
2012-03-31 08:00:00,92
2012-03-31 09:00:00,232
2012-03-31 10:00:00,295
2012-03-31 11:00:00,479
2012-03-31 12:00:00,511
2012-03-31 13:00:00,613
2012-03-31 14:00:00,526
2012-03-31 15:00:00,466
2012-03-31 16:00:00,494
2012-03-31 17:00:00,394
2012-03-31 18:00:00,265
2012-03-31 19:00:00,308
2012-03-31 20:00:00,205
2012-03-31 21:00:00,160
2012-03-31 22:00:00,143
2012-03-31 23:00:00,82
2012-04-20 00:00:00,40
2012-04-20 01:00:00,17
2012-04-20 02:00:00,10
2012-04-20 03:00:00,3
2012-04-20 04:00:00,6
2012-04-20 05:00:00,26
2012-04-20 06:00:00,116
2012-04-20 07:00:00,282
2012-04-20 08:00:00,534
2012-04-20 09:00:00,274
2012-04-20 10:00:00,211
2012-04-20 11:00:00,232
2012-04-20 12:00:00,310
2012-04-20 13:00:00,287
2012-04-20 14:00:00,276
2012-04-20 15:00:00,312
2012-04-20 16:00:00,415
2012-04-20 17:00:00,762
2012-04-20 18:00:00,680
2012-04-20 19:00:00,547
2012-04-20 20:00:00,369
2012-04-20 21:00:00,265
2012-04-20 22:00:00,162
2012-04-20 23:00:00,99
2012-04-21 00:00:00,92
2012-04-21 01:00:00,72
2012-04-21 02:00:00,68
2012-04-21 03:00:00,28
2012-04-21 04:00:00,7
2012-04-21 05:00:00,10
2012-04-21 06:00:00,26
2012-04-21 07:00:00,54
2012-04-21 08:00:00,129
2012-04-21 09:00:00,317
2012-04-21 10:00:00,315
2012-04-21 11:00:00,380
2012-04-21 12:00:00,444
2012-04-21 13:00:00,505
2012-04-21 14:00:00,536
2012-04-21 15:00:00,557
2012-04-21 16:00:00,518
2012-04-21 17:00:00,575
2012-04-21 18:00:00,425
2012-04-21 19:00:00,238
2012-04-21 20:00:00,70
2012-04-21 21:00:00,47
2012-04-21 22:00:00,113
2012-04-21 23:00:00,82
2012-04-22 00:00:00,101
2012-04-22 01:00:00,63
2012-04-22 02:00:00,39
2012-04-22 03:00:00,23
2012-04-22 04:00:00,8
2012-04-22 05:00:00,10
2012-04-22 06:00:00,31
2012-04-22 07:00:00,27
2012-04-22 08:00:00,78
2012-04-22 09:00:00,106
2012-04-22 10:00:00,111
2012-04-22 11:00:00,116
2012-04-22 12:00:00,119
2012-04-22 13:00:00,120
2012-04-22 14:00:00,118
2012-04-22 15:00:00,110
2012-04-22 16:00:00,132
2012-04-22 17:00:00,78
2012-04-22 18:00:00,73
2012-04-22 19:00:00,101
2012-04-22 20:00:00,66
2012-04-22 21:00:00,54
2012-04-22 22:00:00,55
2012-04-22 23:00:00,37
2012-04-23 00:00:00,18
2012-04-23 01:00:00,7
2012-04-23 02:00:00,4
2012-04-23 03:00:00,2
2012-04-23 04:00:00,3
2012-04-23 05:00:00,17
2012-04-23 06:00:00,106
2012-04-23 07:00:00,161
2012-04-23 08:00:00,569
2012-04-23 09:00:00,258
2012-04-23 10:00:00,117
2012-04-23 11:00:00,130
2012-04-23 12:00:00,79
2012-04-23 13:00:00,83
2012-04-23 14:00:00,107
2012-04-23 15:00:00,180
2012-04-23 16:00:00,116
2012-04-23 17:00:00,233
2012-04-23 18:00:00,179
2012-04-23 19:00:00,290
2012-04-23 20:00:00,185
2012-04-23 21:00:00,131
2012-04-23 22:00:00,130
2012-04-23 23:00:00,71
2012-04-24 00:00:00,27
2012-04-24 01:00:00,11
2012-04-24 02:00:00,5
2012-04-24 03:00:00,3
2012-04-24 04:00:00,5
2012-04-24 05:00:00,33
2012-04-24 06:00:00,116
2012-04-24 07:00:00,329
2012-04-24 08:00:00,561
2012-04-24 09:00:00,344
2012-04-24 10:00:00,184
2012-04-24 11:00:00,277
2012-04-24 12:00:00,335
2012-04-24 13:00:00,316
2012-04-24 14:00:00,311
2012-04-24 15:00:00,305
2012-04-24 16:00:00,464
2012-04-24 17:00:00,764
2012-04-24 18:00:00,721
2012-04-24 19:00:00,515
2012-04-24 20:00:00,310
2012-04-24 21:00:00,238
2012-04-24 22:00:00,168
2012-04-24 23:00:00,108
2012-04-25 00:00:00,36
2012-04-25 01:00:00,16
2012-04-25 02:00:00,8
2012-04-25 03:00:00,3
2012-04-25 04:00:00,5
2012-04-25 05:00:00,24
2012-04-25 06:00:00,81
2012-04-25 07:00:00,318
2012-04-25 08:00:00,800
2012-04-25 09:00:00,289
2012-04-25 10:00:00,186
2012-04-25 11:00:00,267
2012-04-25 12:00:00,294
2012-04-25 13:00:00,294
2012-04-25 14:00:00,260
2012-04-25 15:00:00,354
2012-04-25 16:00:00,412
2012-04-25 17:00:00,784
2012-04-25 18:00:00,736
2012-04-25 19:00:00,532
2012-04-25 20:00:00,358
2012-04-25 21:00:00,258
2012-04-25 22:00:00,185
2012-04-25 23:00:00,104
2012-04-26 00:00:00,35
2012-04-26 01:00:00,20
2012-04-26 02:00:00,11
2012-04-26 03:00:00,5
2012-04-26 04:00:00,7
2012-04-26 05:00:00,32
2012-04-26 06:00:00,129
2012-04-26 07:00:00,147
2012-04-26 08:00:00,452
2012-04-26 09:00:00,199
2012-04-26 10:00:00,134
2012-04-26 11:00:00,140
2012-04-26 12:00:00,220
2012-04-26 13:00:00,174
2012-04-26 14:00:00,202
2012-04-26 15:00:00,182
2012-04-26 16:00:00,254
2012-04-26 17:00:00,612
2012-04-26 18:00:00,560
2012-04-26 19:00:00,417
2012-04-26 20:00:00,346
2012-04-26 21:00:00,203
2012-04-26 22:00:00,177
2012-04-26 23:00:00,105
2012-04-27 00:00:00,35
2012-04-27 01:00:00,13
2012-04-27 02:00:00,7
2012-04-27 03:00:00,5
2012-04-27 04:00:00,7
2012-04-27 05:00:00,37
2012-04-27 06:00:00,120
2012-04-27 07:00:00,320
2012-04-27 08:00:00,584
2012-04-27 09:00:00,315
2012-04-27 10:00:00,191
2012-04-27 11:00:00,225
2012-04-27 12:00:00,312
2012-04-27 13:00:00,318
2012-04-27 14:00:00,263
2012-04-27 15:00:00,283
2012-04-27 16:00:00,396
2012-04-27 17:00:00,789
2012-04-27 18:00:00,676
2012-04-27 19:00:00,525
2012-04-27 20:00:00,320
2012-04-27 21:00:00,201
2012-04-27 22:00:00,183
2012-04-27 23:00:00,96
2012-04-28 00:00:00,111
2012-04-28 01:00:00,49
2012-04-28 02:00:00,42
2012-04-28 03:00:00,25
2012-04-28 04:00:00,9
2012-04-28 05:00:00,6
2012-04-28 06:00:00,21
2012-04-28 07:00:00,47
2012-04-28 08:00:00,124
2012-04-28 09:00:00,228
2012-04-28 10:00:00,324
2012-04-28 11:00:00,383
2012-04-28 12:00:00,422
2012-04-28 13:00:00,375
2012-04-28 14:00:00,438
2012-04-28 15:00:00,409
2012-04-28 16:00:00,412
2012-04-28 17:00:00,361
2012-04-28 18:00:00,172
2012-04-28 19:00:00,178
2012-04-28 20:00:00,161
2012-04-28 21:00:00,93
2012-04-28 22:00:00,115
2012-04-28 23:00:00,84
2012-04-29 00:00:00,58
2012-04-29 01:00:00,78
2012-04-29 02:00:00,43
2012-04-29 03:00:00,22
2012-04-29 04:00:00,9
2012-04-29 05:00:00,9
2012-04-29 06:00:00,22
2012-04-29 07:00:00,50
2012-04-29 08:00:00,92
2012-04-29 09:00:00,237
2012-04-29 10:00:00,308
2012-04-29 11:00:00,380
2012-04-29 12:00:00,534
2012-04-29 13:00:00,494
2012-04-29 14:00:00,485
2012-04-29 15:00:00,588
2012-04-29 16:00:00,476
2012-04-29 17:00:00,510
2012-04-29 18:00:00,463
2012-04-29 19:00:00,390
2012-04-29 20:00:00,280
2012-04-29 21:00:00,182
2012-04-29 22:00:00,152
2012-04-29 23:00:00,90
2012-04-30 00:00:00,43
2012-04-30 01:00:00,19
2012-04-30 02:00:00,11
2012-04-30 03:00:00,4
2012-04-30 04:00:00,5
2012-04-30 05:00:00,30
2012-04-30 06:00:00,120
2012-04-30 07:00:00,345
2012-04-30 08:00:00,710
2012-04-30 09:00:00,366
2012-04-30 10:00:00,176
2012-04-30 11:00:00,189
2012-04-30 12:00:00,246
2012-04-30 13:00:00,234
2012-04-30 14:00:00,273
2012-04-30 15:00:00,281
2012-04-30 16:00:00,360
2012-04-30 17:00:00,742
2012-04-30 18:00:00,690
2012-04-30 19:00:00,444
2012-04-30 20:00:00,332
2012-04-30 21:00:00,244
2012-04-30 22:00:00,204
2012-04-30 23:00:00,94
2012-05-20 00:00:00,164
2012-05-20 01:00:00,104
2012-05-20 02:00:00,76
2012-05-20 03:00:00,37
2012-05-20 04:00:00,13
2012-05-20 05:00:00,10
2012-05-20 06:00:00,31
2012-05-20 07:00:00,64
2012-05-20 08:00:00,219
2012-05-20 09:00:00,326
2012-05-20 10:00:00,471
2012-05-20 11:00:00,609
2012-05-20 12:00:00,650
2012-05-20 13:00:00,664
2012-05-20 14:00:00,669
2012-05-20 15:00:00,548
2012-05-20 16:00:00,577
2012-05-20 17:00:00,584
2012-05-20 18:00:00,453
2012-05-20 19:00:00,428
2012-05-20 20:00:00,315
2012-05-20 21:00:00,221
2012-05-20 22:00:00,193
2012-05-20 23:00:00,75
2012-05-21 00:00:00,35
2012-05-21 01:00:00,14
2012-05-21 02:00:00,9
2012-05-21 03:00:00,4
2012-05-21 04:00:00,5
2012-05-21 05:00:00,21
2012-05-21 06:00:00,78
2012-05-21 07:00:00,163
2012-05-21 08:00:00,318
2012-05-21 09:00:00,139
2012-05-21 10:00:00,116
2012-05-21 11:00:00,169
2012-05-21 12:00:00,196
2012-05-21 13:00:00,100
2012-05-21 14:00:00,106
2012-05-21 15:00:00,272
2012-05-21 16:00:00,318
2012-05-21 17:00:00,765
2012-05-21 18:00:00,781
2012-05-21 19:00:00,639
2012-05-21 20:00:00,436
2012-05-21 21:00:00,314
2012-05-21 22:00:00,187
2012-05-21 23:00:00,137
2012-05-22 00:00:00,44
2012-05-22 01:00:00,20
2012-05-22 02:00:00,10
2012-05-22 03:00:00,4
2012-05-22 04:00:00,8
2012-05-22 05:00:00,25
2012-05-22 06:00:00,96
2012-05-22 07:00:00,189
2012-05-22 08:00:00,644
2012-05-22 09:00:00,302
2012-05-22 10:00:00,170
2012-05-22 11:00:00,155
2012-05-22 12:00:00,225
2012-05-22 13:00:00,241
2012-05-22 14:00:00,222
2012-05-22 15:00:00,398
2012-05-22 16:00:00,526
2012-05-22 17:00:00,878
2012-05-22 18:00:00,950
2012-05-22 19:00:00,592
2012-05-22 20:00:00,433
2012-05-22 21:00:00,259
2012-05-22 22:00:00,259
2012-05-22 23:00:00,145
2012-05-23 00:00:00,65
2012-05-23 01:00:00,24
2012-05-23 02:00:00,10
2012-05-23 03:00:00,6
2012-05-23 04:00:00,6
2012-05-23 05:00:00,23
2012-05-23 06:00:00,151
2012-05-23 07:00:00,395
2012-05-23 08:00:00,602
2012-05-23 09:00:00,292
2012-05-23 10:00:00,191
2012-05-23 11:00:00,260
2012-05-23 12:00:00,314
2012-05-23 13:00:00,279
2012-05-23 14:00:00,325
2012-05-23 15:00:00,330
2012-05-23 16:00:00,391
2012-05-23 17:00:00,533
2012-05-23 18:00:00,494
2012-05-23 19:00:00,358
2012-05-23 20:00:00,244
2012-05-23 21:00:00,187
2012-05-23 22:00:00,145
2012-05-23 23:00:00,150
2012-05-24 00:00:00,53
2012-05-24 01:00:00,27
2012-05-24 02:00:00,14
2012-05-24 03:00:00,5
2012-05-24 04:00:00,8
2012-05-24 05:00:00,33
2012-05-24 06:00:00,141
2012-05-24 07:00:00,448
2012-05-24 08:00:00,831
2012-05-24 09:00:00,394
2012-05-24 10:00:00,240
2012-05-24 11:00:00,299
2012-05-24 12:00:00,380
2012-05-24 13:00:00,332
2012-05-24 14:00:00,286
2012-05-24 15:00:00,302
2012-05-24 16:00:00,424
2012-05-24 17:00:00,830
2012-05-24 18:00:00,802
2012-05-24 19:00:00,590
2012-05-24 20:00:00,375
2012-05-24 21:00:00,161
2012-05-24 22:00:00,164
2012-05-24 23:00:00,121
2012-05-25 00:00:00,52
2012-05-25 01:00:00,22
2012-05-25 02:00:00,8
2012-05-25 03:00:00,6
2012-05-25 04:00:00,8
2012-05-25 05:00:00,39
2012-05-25 06:00:00,149
2012-05-25 07:00:00,426
2012-05-25 08:00:00,720
2012-05-25 09:00:00,343
2012-05-25 10:00:00,188
2012-05-25 11:00:00,210
2012-05-25 12:00:00,348
2012-05-25 13:00:00,365
2012-05-25 14:00:00,317
2012-05-25 15:00:00,353
2012-05-25 16:00:00,409
2012-05-25 17:00:00,870
2012-05-25 18:00:00,890
2012-05-25 19:00:00,588
2012-05-25 20:00:00,470
2012-05-25 21:00:00,345
2012-05-25 22:00:00,271
2012-05-25 23:00:00,143
2012-05-26 00:00:00,160
2012-05-26 01:00:00,105
2012-05-26 02:00:00,73
2012-05-26 03:00:00,33
2012-05-26 04:00:00,15
2012-05-26 05:00:00,12
2012-05-26 06:00:00,34
2012-05-26 07:00:00,62
2012-05-26 08:00:00,158
2012-05-26 09:00:00,248
2012-05-26 10:00:00,317
2012-05-26 11:00:00,457
2012-05-26 12:00:00,549
2012-05-26 13:00:00,620
2012-05-26 14:00:00,483
2012-05-26 15:00:00,463
2012-05-26 16:00:00,554
2012-05-26 17:00:00,500
2012-05-26 18:00:00,486
2012-05-26 19:00:00,425
2012-05-26 20:00:00,371
2012-05-26 21:00:00,275
2012-05-26 22:00:00,217
2012-05-26 23:00:00,133
2012-05-27 00:00:00,162
2012-05-27 01:00:00,88
2012-05-27 02:00:00,59
2012-05-27 03:00:00,47
2012-05-27 04:00:00,11
2012-05-27 05:00:00,12
2012-05-27 06:00:00,26
2012-05-27 07:00:00,81
2012-05-27 08:00:00,142
2012-05-27 09:00:00,219
2012-05-27 10:00:00,415
2012-05-27 11:00:00,519
2012-05-27 12:00:00,526
2012-05-27 13:00:00,589
2012-05-27 14:00:00,516
2012-05-27 15:00:00,487
2012-05-27 16:00:00,574
2012-05-27 17:00:00,523
2012-05-27 18:00:00,504
2012-05-27 19:00:00,495
2012-05-27 20:00:00,426
2012-05-27 21:00:00,205
2012-05-27 22:00:00,91
2012-05-27 23:00:00,100
2012-05-28 00:00:00,176
2012-05-28 01:00:00,74
2012-05-28 02:00:00,67
2012-05-28 03:00:00,38
2012-05-28 04:00:00,15
2012-05-28 05:00:00,20
2012-05-28 06:00:00,47
2012-05-28 07:00:00,90
2012-05-28 08:00:00,182
2012-05-28 09:00:00,248
2012-05-28 10:00:00,304
2012-05-28 11:00:00,500
2012-05-28 12:00:00,523
2012-05-28 13:00:00,408
2012-05-28 14:00:00,345
2012-05-28 15:00:00,404
2012-05-28 16:00:00,461
2012-05-28 17:00:00,522
2012-05-28 18:00:00,455
2012-05-28 19:00:00,484
2012-05-28 20:00:00,274
2012-05-28 21:00:00,245
2012-05-28 22:00:00,286
2012-05-28 23:00:00,160
2012-05-29 00:00:00,63
2012-05-29 01:00:00,23
2012-05-29 02:00:00,10
2012-05-29 03:00:00,6
2012-05-29 04:00:00,8
2012-05-29 05:00:00,44
2012-05-29 06:00:00,163
2012-05-29 07:00:00,432
2012-05-29 08:00:00,725
2012-05-29 09:00:00,343
2012-05-29 10:00:00,248
2012-05-29 11:00:00,272
2012-05-29 12:00:00,315
2012-05-29 13:00:00,325
2012-05-29 14:00:00,277
2012-05-29 15:00:00,330
2012-05-29 16:00:00,397
2012-05-29 17:00:00,781
2012-05-29 18:00:00,730
2012-05-29 19:00:00,587
2012-05-29 20:00:00,353
2012-05-29 21:00:00,144
2012-05-29 22:00:00,174
2012-05-29 23:00:00,88
2012-05-30 00:00:00,50
2012-05-30 01:00:00,18
2012-05-30 02:00:00,15
2012-05-30 03:00:00,7
2012-05-30 04:00:00,8
2012-05-30 05:00:00,36
2012-05-30 06:00:00,153
2012-05-30 07:00:00,213
2012-05-30 08:00:00,668
2012-05-30 09:00:00,338
2012-05-30 10:00:00,198
2012-05-30 11:00:00,264
2012-05-30 12:00:00,350
2012-05-30 13:00:00,337
2012-05-30 14:00:00,313
2012-05-30 15:00:00,324
2012-05-30 16:00:00,462
2012-05-30 17:00:00,880
2012-05-30 18:00:00,822
2012-05-30 19:00:00,642
2012-05-30 20:00:00,370
2012-05-30 21:00:00,355
2012-05-30 22:00:00,271
2012-05-30 23:00:00,169
2012-05-31 00:00:00,70
2012-05-31 01:00:00,30
2012-05-31 02:00:00,10
2012-05-31 03:00:00,8
2012-05-31 04:00:00,10
2012-05-31 05:00:00,47
2012-05-31 06:00:00,177
2012-05-31 07:00:00,535
2012-05-31 08:00:00,738
2012-05-31 09:00:00,336
2012-05-31 10:00:00,229
2012-05-31 11:00:00,285
2012-05-31 12:00:00,362
2012-05-31 13:00:00,354
2012-05-31 14:00:00,310
2012-05-31 15:00:00,305
2012-05-31 16:00:00,423
2012-05-31 17:00:00,900
2012-05-31 18:00:00,826
2012-05-31 19:00:00,652
2012-05-31 20:00:00,440
2012-05-31 21:00:00,318
2012-05-31 22:00:00,274
2012-05-31 23:00:00,157
2012-06-20 00:00:00,55
2012-06-20 01:00:00,25
2012-06-20 02:00:00,10
2012-06-20 03:00:00,5
2012-06-20 04:00:00,10
2012-06-20 05:00:00,37
2012-06-20 06:00:00,214
2012-06-20 07:00:00,553
2012-06-20 08:00:00,660
2012-06-20 09:00:00,410
2012-06-20 10:00:00,202
2012-06-20 11:00:00,230
2012-06-20 12:00:00,283
2012-06-20 13:00:00,264
2012-06-20 14:00:00,269
2012-06-20 15:00:00,268
2012-06-20 16:00:00,370
2012-06-20 17:00:00,770
2012-06-20 18:00:00,693
2012-06-20 19:00:00,517
2012-06-20 20:00:00,418
2012-06-20 21:00:00,306
2012-06-20 22:00:00,227
2012-06-20 23:00:00,142
2012-06-21 00:00:00,58
2012-06-21 01:00:00,24
2012-06-21 02:00:00,12
2012-06-21 03:00:00,6
2012-06-21 04:00:00,10
2012-06-21 05:00:00,34
2012-06-21 06:00:00,166
2012-06-21 07:00:00,387
2012-06-21 08:00:00,582
2012-06-21 09:00:00,328
2012-06-21 10:00:00,200
2012-06-21 11:00:00,216
2012-06-21 12:00:00,286
2012-06-21 13:00:00,268
2012-06-21 14:00:00,249
2012-06-21 15:00:00,232
2012-06-21 16:00:00,371
2012-06-21 17:00:00,801
2012-06-21 18:00:00,733
2012-06-21 19:00:00,526
2012-06-21 20:00:00,440
2012-06-21 21:00:00,322
2012-06-21 22:00:00,222
2012-06-21 23:00:00,149
2012-06-22 00:00:00,50
2012-06-22 01:00:00,20
2012-06-22 02:00:00,11
2012-06-22 03:00:00,6
2012-06-22 04:00:00,9
2012-06-22 05:00:00,40
2012-06-22 06:00:00,159
2012-06-22 07:00:00,514
2012-06-22 08:00:00,655
2012-06-22 09:00:00,335
2012-06-22 10:00:00,206
2012-06-22 11:00:00,239
2012-06-22 12:00:00,280
2012-06-22 13:00:00,275
2012-06-22 14:00:00,252
2012-06-22 15:00:00,294
2012-06-22 16:00:00,384
2012-06-22 17:00:00,857
2012-06-22 18:00:00,745
2012-06-22 19:00:00,569
2012-06-22 20:00:00,381
2012-06-22 21:00:00,254
2012-06-22 22:00:00,234
2012-06-22 23:00:00,134
2012-06-23 00:00:00,109
2012-06-23 01:00:00,132
2012-06-23 02:00:00,66
2012-06-23 03:00:00,30
2012-06-23 04:00:00,12
2012-06-23 05:00:00,11
2012-06-23 06:00:00,25
2012-06-23 07:00:00,55
2012-06-23 08:00:00,144
2012-06-23 09:00:00,316
2012-06-23 10:00:00,448
2012-06-23 11:00:00,543
2012-06-23 12:00:00,538
2012-06-23 13:00:00,588
2012-06-23 14:00:00,522
2012-06-23 15:00:00,471
2012-06-23 16:00:00,533
2012-06-23 17:00:00,488
2012-06-23 18:00:00,474
2012-06-23 19:00:00,436
2012-06-23 20:00:00,372
2012-06-23 21:00:00,313
2012-06-23 22:00:00,264
2012-06-23 23:00:00,170
2012-06-24 00:00:00,164
2012-06-24 01:00:00,138
2012-06-24 02:00:00,92
2012-06-24 03:00:00,36
2012-06-24 04:00:00,15
2012-06-24 05:00:00,12
2012-06-24 06:00:00,37
2012-06-24 07:00:00,62
2012-06-24 08:00:00,170
2012-06-24 09:00:00,325
2012-06-24 10:00:00,478
2012-06-24 11:00:00,589
2012-06-24 12:00:00,530
2012-06-24 13:00:00,564
2012-06-24 14:00:00,534
2012-06-24 15:00:00,488
2012-06-24 16:00:00,495
2012-06-24 17:00:00,503
2012-06-24 18:00:00,454
2012-06-24 19:00:00,430
2012-06-24 20:00:00,355
2012-06-24 21:00:00,349
2012-06-24 22:00:00,277
2012-06-24 23:00:00,148
2012-06-25 00:00:00,53
2012-06-25 01:00:00,20
2012-06-25 02:00:00,7
2012-06-25 03:00:00,6
2012-06-25 04:00:00,9
2012-06-25 05:00:00,41
2012-06-25 06:00:00,161
2012-06-25 07:00:00,456
2012-06-25 08:00:00,567
2012-06-25 09:00:00,320
2012-06-25 10:00:00,230
2012-06-25 11:00:00,231
2012-06-25 12:00:00,309
2012-06-25 13:00:00,304
2012-06-25 14:00:00,251
2012-06-25 15:00:00,260
2012-06-25 16:00:00,440
2012-06-25 17:00:00,707
2012-06-25 18:00:00,700
2012-06-25 19:00:00,513
2012-06-25 20:00:00,361
2012-06-25 21:00:00,312
2012-06-25 22:00:00,250
2012-06-25 23:00:00,149
2012-06-26 00:00:00,58
2012-06-26 01:00:00,22
2012-06-26 02:00:00,9
2012-06-26 03:00:00,5
2012-06-26 04:00:00,9
2012-06-26 05:00:00,45
2012-06-26 06:00:00,143
2012-06-26 07:00:00,479
2012-06-26 08:00:00,702
2012-06-26 09:00:00,371
2012-06-26 10:00:00,218
2012-06-26 11:00:00,249
2012-06-26 12:00:00,297
2012-06-26 13:00:00,268
2012-06-26 14:00:00,250
2012-06-26 15:00:00,269
2012-06-26 16:00:00,379
2012-06-26 17:00:00,758
2012-06-26 18:00:00,790
2012-06-26 19:00:00,596
2012-06-26 20:00:00,418
2012-06-26 21:00:00,326
2012-06-26 22:00:00,268
2012-06-26 23:00:00,155
2012-06-27 00:00:00,54
2012-06-27 01:00:00,25
2012-06-27 02:00:00,14
2012-06-27 03:00:00,5
2012-06-27 04:00:00,10
2012-06-27 05:00:00,44
2012-06-27 06:00:00,156
2012-06-27 07:00:00,499
2012-06-27 08:00:00,674
2012-06-27 09:00:00,338
2012-06-27 10:00:00,230
2012-06-27 11:00:00,255
2012-06-27 12:00:00,323
2012-06-27 13:00:00,289
2012-06-27 14:00:00,272
2012-06-27 15:00:00,252
2012-06-27 16:00:00,367
2012-06-27 17:00:00,835
2012-06-27 18:00:00,734
2012-06-27 19:00:00,546
2012-06-27 20:00:00,476
2012-06-27 21:00:00,328
2012-06-27 22:00:00,265
2012-06-27 23:00:00,157
2012-06-28 00:00:00,50
2012-06-28 01:00:00,29
2012-06-28 02:00:00,11
2012-06-28 03:00:00,5
2012-06-28 04:00:00,13
2012-06-28 05:00:00,43
2012-06-28 06:00:00,178
2012-06-28 07:00:00,516
2012-06-28 08:00:00,663
2012-06-28 09:00:00,369
2012-06-28 10:00:00,216
2012-06-28 11:00:00,236
2012-06-28 12:00:00,291
2012-06-28 13:00:00,306
2012-06-28 14:00:00,274
2012-06-28 15:00:00,288
2012-06-28 16:00:00,441
2012-06-28 17:00:00,823
2012-06-28 18:00:00,749
2012-06-28 19:00:00,543
2012-06-28 20:00:00,429
2012-06-28 21:00:00,339
2012-06-28 22:00:00,276
2012-06-28 23:00:00,144
2012-06-29 00:00:00,57
2012-06-29 01:00:00,24
2012-06-29 02:00:00,10
2012-06-29 03:00:00,5
2012-06-29 04:00:00,10
2012-06-29 05:00:00,43
2012-06-29 06:00:00,179
2012-06-29 07:00:00,539
2012-06-29 08:00:00,612
2012-06-29 09:00:00,349
2012-06-29 10:00:00,202
2012-06-29 11:00:00,210
2012-06-29 12:00:00,240
2012-06-29 13:00:00,247
2012-06-29 14:00:00,220
2012-06-29 15:00:00,226
2012-06-29 16:00:00,307
2012-06-29 17:00:00,682
2012-06-29 18:00:00,563
2012-06-29 19:00:00,510
2012-06-29 20:00:00,337
2012-06-29 21:00:00,299
2012-06-29 22:00:00,189
2012-06-29 23:00:00,119
2012-06-30 00:00:00,116
2012-06-30 01:00:00,89
2012-06-30 02:00:00,91
2012-06-30 03:00:00,38
2012-06-30 04:00:00,15
2012-06-30 05:00:00,14
2012-06-30 06:00:00,36
2012-06-30 07:00:00,78
2012-06-30 08:00:00,165
2012-06-30 09:00:00,308
2012-06-30 10:00:00,380
2012-06-30 11:00:00,452
2012-06-30 12:00:00,484
2012-06-30 13:00:00,535
2012-06-30 14:00:00,474
2012-06-30 15:00:00,437
2012-06-30 16:00:00,481
2012-06-30 17:00:00,496
2012-06-30 18:00:00,461
2012-06-30 19:00:00,411
2012-06-30 20:00:00,394
2012-06-30 21:00:00,306
2012-06-30 22:00:00,214
2012-06-30 23:00:00,146
2012-07-20 00:00:00,43
2012-07-20 01:00:00,25
2012-07-20 02:00:00,14
2012-07-20 03:00:00,7
2012-07-20 04:00:00,11
2012-07-20 05:00:00,38
2012-07-20 06:00:00,197
2012-07-20 07:00:00,480
2012-07-20 08:00:00,650
2012-07-20 09:00:00,300
2012-07-20 10:00:00,171
2012-07-20 11:00:00,180
2012-07-20 12:00:00,166
2012-07-20 13:00:00,126
2012-07-20 14:00:00,133
2012-07-20 15:00:00,207
2012-07-20 16:00:00,283
2012-07-20 17:00:00,709
2012-07-20 18:00:00,507
2012-07-20 19:00:00,402
2012-07-20 20:00:00,131
2012-07-20 21:00:00,131
2012-07-20 22:00:00,151
2012-07-20 23:00:00,109
2012-07-21 00:00:00,74
2012-07-21 01:00:00,82
2012-07-21 02:00:00,53
2012-07-21 03:00:00,26
2012-07-21 04:00:00,9
2012-07-21 05:00:00,13
2012-07-21 06:00:00,30
2012-07-21 07:00:00,54
2012-07-21 08:00:00,108
2012-07-21 09:00:00,242
2012-07-21 10:00:00,163
2012-07-21 11:00:00,326
2012-07-21 12:00:00,193
2012-07-21 13:00:00,192
2012-07-21 14:00:00,305
2012-07-21 15:00:00,215
2012-07-21 16:00:00,203
2012-07-21 17:00:00,227
2012-07-21 18:00:00,233
2012-07-21 19:00:00,277
2012-07-21 20:00:00,167
2012-07-21 21:00:00,185
2012-07-21 22:00:00,121
2012-07-21 23:00:00,97
2012-07-22 00:00:00,106
2012-07-22 01:00:00,99
2012-07-22 02:00:00,84
2012-07-22 03:00:00,31
2012-07-22 04:00:00,11
2012-07-22 05:00:00,13
2012-07-22 06:00:00,17
2012-07-22 07:00:00,41
2012-07-22 08:00:00,113
2012-07-22 09:00:00,262
2012-07-22 10:00:00,378
2012-07-22 11:00:00,397
2012-07-22 12:00:00,502
2012-07-22 13:00:00,519
2012-07-22 14:00:00,422
2012-07-22 15:00:00,459
2012-07-22 16:00:00,427
2012-07-22 17:00:00,458
2012-07-22 18:00:00,436
2012-07-22 19:00:00,364
2012-07-22 20:00:00,286
2012-07-22 21:00:00,200
2012-07-22 22:00:00,176
2012-07-22 23:00:00,118
2012-07-23 00:00:00,52
2012-07-23 01:00:00,24
2012-07-23 02:00:00,12
2012-07-23 03:00:00,7
2012-07-23 04:00:00,9
2012-07-23 05:00:00,30
2012-07-23 06:00:00,201
2012-07-23 07:00:00,335
2012-07-23 08:00:00,639
2012-07-23 09:00:00,352
2012-07-23 10:00:00,164
2012-07-23 11:00:00,245
2012-07-23 12:00:00,300
2012-07-23 13:00:00,289
2012-07-23 14:00:00,251
2012-07-23 15:00:00,302
2012-07-23 16:00:00,403
2012-07-23 17:00:00,828
2012-07-23 18:00:00,727
2012-07-23 19:00:00,550
2012-07-23 20:00:00,449
2012-07-23 21:00:00,323
2012-07-23 22:00:00,244
2012-07-23 23:00:00,130
2012-07-24 00:00:00,59
2012-07-24 01:00:00,21
2012-07-24 02:00:00,9
2012-07-24 03:00:00,5
2012-07-24 04:00:00,8
2012-07-24 05:00:00,31
2012-07-24 06:00:00,141
2012-07-24 07:00:00,417
2012-07-24 08:00:00,579
2012-07-24 09:00:00,282
2012-07-24 10:00:00,191
2012-07-24 11:00:00,235
2012-07-24 12:00:00,265
2012-07-24 13:00:00,266
2012-07-24 14:00:00,256
2012-07-24 15:00:00,292
2012-07-24 16:00:00,393
2012-07-24 17:00:00,792
2012-07-24 18:00:00,702
2012-07-24 19:00:00,590
2012-07-24 20:00:00,430
2012-07-24 21:00:00,314
2012-07-24 22:00:00,211
2012-07-24 23:00:00,123
2012-07-25 00:00:00,56
2012-07-25 01:00:00,25
2012-07-25 02:00:00,10
2012-07-25 03:00:00,6
2012-07-25 04:00:00,9
2012-07-25 05:00:00,44
2012-07-25 06:00:00,159
2012-07-25 07:00:00,445
2012-07-25 08:00:00,672
2012-07-25 09:00:00,348
2012-07-25 10:00:00,206
2012-07-25 11:00:00,243
2012-07-25 12:00:00,305
2012-07-25 13:00:00,300
2012-07-25 14:00:00,289
2012-07-25 15:00:00,308
2012-07-25 16:00:00,443
2012-07-25 17:00:00,873
2012-07-25 18:00:00,791
2012-07-25 19:00:00,600
2012-07-25 20:00:00,431
2012-07-25 21:00:00,317
2012-07-25 22:00:00,277
2012-07-25 23:00:00,138
2012-07-26 00:00:00,57
2012-07-26 01:00:00,21
2012-07-26 02:00:00,9
2012-07-26 03:00:00,6
2012-07-26 04:00:00,7
2012-07-26 05:00:00,37
2012-07-26 06:00:00,157
2012-07-26 07:00:00,408
2012-07-26 08:00:00,556
2012-07-26 09:00:00,339
2012-07-26 10:00:00,211
2012-07-26 11:00:00,214
2012-07-26 12:00:00,244
2012-07-26 13:00:00,254
2012-07-26 14:00:00,215
2012-07-26 15:00:00,234
2012-07-26 16:00:00,340
2012-07-26 17:00:00,682
2012-07-26 18:00:00,611
2012-07-26 19:00:00,494
2012-07-26 20:00:00,345
2012-07-26 21:00:00,292
2012-07-26 22:00:00,212
2012-07-26 23:00:00,119
2012-07-27 00:00:00,56
2012-07-27 01:00:00,21
2012-07-27 02:00:00,8
2012-07-27 03:00:00,5
2012-07-27 04:00:00,8
2012-07-27 05:00:00,37
2012-07-27 06:00:00,168
2012-07-27 07:00:00,451
2012-07-27 08:00:00,624
2012-07-27 09:00:00,300
2012-07-27 10:00:00,180
2012-07-27 11:00:00,229
2012-07-27 12:00:00,282
2012-07-27 13:00:00,267
2012-07-27 14:00:00,241
2012-07-27 15:00:00,268
2012-07-27 16:00:00,369
2012-07-27 17:00:00,730
2012-07-27 18:00:00,732
2012-07-27 19:00:00,569
2012-07-27 20:00:00,395
2012-07-27 21:00:00,308
2012-07-27 22:00:00,240
2012-07-27 23:00:00,127
2012-07-28 00:00:00,154
2012-07-28 01:00:00,95
2012-07-28 02:00:00,66
2012-07-28 03:00:00,27
2012-07-28 04:00:00,9
2012-07-28 05:00:00,12
2012-07-28 06:00:00,34
2012-07-28 07:00:00,57
2012-07-28 08:00:00,153
2012-07-28 09:00:00,278
2012-07-28 10:00:00,411
2012-07-28 11:00:00,496
2012-07-28 12:00:00,527
2012-07-28 13:00:00,495
2012-07-28 14:00:00,471
2012-07-28 15:00:00,428
2012-07-28 16:00:00,473
2012-07-28 17:00:00,501
2012-07-28 18:00:00,451
2012-07-28 19:00:00,261
2012-07-28 20:00:00,221
2012-07-28 21:00:00,203
2012-07-28 22:00:00,155
2012-07-28 23:00:00,135
2012-07-29 00:00:00,133
2012-07-29 01:00:00,106
2012-07-29 02:00:00,72
2012-07-29 03:00:00,36
2012-07-29 04:00:00,12
2012-07-29 05:00:00,11
2012-07-29 06:00:00,32
2012-07-29 07:00:00,64
2012-07-29 08:00:00,150
2012-07-29 09:00:00,276
2012-07-29 10:00:00,359
2012-07-29 11:00:00,531
2012-07-29 12:00:00,550
2012-07-29 13:00:00,552
2012-07-29 14:00:00,507
2012-07-29 15:00:00,484
2012-07-29 16:00:00,501
2012-07-29 17:00:00,500
2012-07-29 18:00:00,450
2012-07-29 19:00:00,451
2012-07-29 20:00:00,310
2012-07-29 21:00:00,235
2012-07-29 22:00:00,182
2012-07-29 23:00:00,121
2012-07-30 00:00:00,59
2012-07-30 01:00:00,17
2012-07-30 02:00:00,10
2012-07-30 03:00:00,5
2012-07-30 04:00:00,8
2012-07-30 05:00:00,31
2012-07-30 06:00:00,152
2012-07-30 07:00:00,363
2012-07-30 08:00:00,582
2012-07-30 09:00:00,349
2012-07-30 10:00:00,209
2012-07-30 11:00:00,246
2012-07-30 12:00:00,293
2012-07-30 13:00:00,295
2012-07-30 14:00:00,265
2012-07-30 15:00:00,292
2012-07-30 16:00:00,400
2012-07-30 17:00:00,774
2012-07-30 18:00:00,671
2012-07-30 19:00:00,579
2012-07-30 20:00:00,410
2012-07-30 21:00:00,295
2012-07-30 22:00:00,199
2012-07-30 23:00:00,118
2012-07-31 00:00:00,49
2012-07-31 01:00:00,22
2012-07-31 02:00:00,8
2012-07-31 03:00:00,5
2012-07-31 04:00:00,8
2012-07-31 05:00:00,38
2012-07-31 06:00:00,180
2012-07-31 07:00:00,361
2012-07-31 08:00:00,587
2012-07-31 09:00:00,312
2012-07-31 10:00:00,179
2012-07-31 11:00:00,227
2012-07-31 12:00:00,298
2012-07-31 13:00:00,285
2012-07-31 14:00:00,271
2012-07-31 15:00:00,298
2012-07-31 16:00:00,361
2012-07-31 17:00:00,782
2012-07-31 18:00:00,726
2012-07-31 19:00:00,445
2012-07-31 20:00:00,292
2012-07-31 21:00:00,229
2012-07-31 22:00:00,215
2012-07-31 23:00:00,147
2012-08-20 00:00:00,27
2012-08-20 01:00:00,21
2012-08-20 02:00:00,9
2012-08-20 03:00:00,5
2012-08-20 04:00:00,7
2012-08-20 05:00:00,29
2012-08-20 06:00:00,137
2012-08-20 07:00:00,346
2012-08-20 08:00:00,552
2012-08-20 09:00:00,301
2012-08-20 10:00:00,192
2012-08-20 11:00:00,275
2012-08-20 12:00:00,350
2012-08-20 13:00:00,335
2012-08-20 14:00:00,313
2012-08-20 15:00:00,319
2012-08-20 16:00:00,427
2012-08-20 17:00:00,859
2012-08-20 18:00:00,402
2012-08-20 19:00:00,349
2012-08-20 20:00:00,258
2012-08-20 21:00:00,169
2012-08-20 22:00:00,108
2012-08-20 23:00:00,89
2012-08-21 00:00:00,29
2012-08-21 01:00:00,19
2012-08-21 02:00:00,10
2012-08-21 03:00:00,5
2012-08-21 04:00:00,8
2012-08-21 05:00:00,30
2012-08-21 06:00:00,131
2012-08-21 07:00:00,370
2012-08-21 08:00:00,583
2012-08-21 09:00:00,297
2012-08-21 10:00:00,249
2012-08-21 11:00:00,279
2012-08-21 12:00:00,353
2012-08-21 13:00:00,326
2012-08-21 14:00:00,308
2012-08-21 15:00:00,339
2012-08-21 16:00:00,444
2012-08-21 17:00:00,840
2012-08-21 18:00:00,784
2012-08-21 19:00:00,272
2012-08-21 20:00:00,334
2012-08-21 21:00:00,243
2012-08-21 22:00:00,156
2012-08-21 23:00:00,103
2012-08-22 00:00:00,29
2012-08-22 01:00:00,18
2012-08-22 02:00:00,7
2012-08-22 03:00:00,5
2012-08-22 04:00:00,7
2012-08-22 05:00:00,33
2012-08-22 06:00:00,135
2012-08-22 07:00:00,345
2012-08-22 08:00:00,644
2012-08-22 09:00:00,342
2012-08-22 10:00:00,250
2012-08-22 11:00:00,271
2012-08-22 12:00:00,333
2012-08-22 13:00:00,320
2012-08-22 14:00:00,299
2012-08-22 15:00:00,343
2012-08-22 16:00:00,359
2012-08-22 17:00:00,714
2012-08-22 18:00:00,685
2012-08-22 19:00:00,490
2012-08-22 20:00:00,411
2012-08-22 21:00:00,243
2012-08-22 22:00:00,196
2012-08-22 23:00:00,118
2012-08-23 00:00:00,43
2012-08-23 01:00:00,16
2012-08-23 02:00:00,6
2012-08-23 03:00:00,4
2012-08-23 04:00:00,6
2012-08-23 05:00:00,30
2012-08-23 06:00:00,148
2012-08-23 07:00:00,317
2012-08-23 08:00:00,588
2012-08-23 09:00:00,335
2012-08-23 10:00:00,220
2012-08-23 11:00:00,262
2012-08-23 12:00:00,306
2012-08-23 13:00:00,302
2012-08-23 14:00:00,265
2012-08-23 15:00:00,323
2012-08-23 16:00:00,468
2012-08-23 17:00:00,835
2012-08-23 18:00:00,782
2012-08-23 19:00:00,618
2012-08-23 20:00:00,477
2012-08-23 21:00:00,372
2012-08-23 22:00:00,263
2012-08-23 23:00:00,118
2012-08-24 00:00:00,44
2012-08-24 01:00:00,16
2012-08-24 02:00:00,11
2012-08-24 03:00:00,7
2012-08-24 04:00:00,7
2012-08-24 05:00:00,37
2012-08-24 06:00:00,110
2012-08-24 07:00:00,350
2012-08-24 08:00:00,552
2012-08-24 09:00:00,350
2012-08-24 10:00:00,216
2012-08-24 11:00:00,258
2012-08-24 12:00:00,332
2012-08-24 13:00:00,306
2012-08-24 14:00:00,288
2012-08-24 15:00:00,343
2012-08-24 16:00:00,471
2012-08-24 17:00:00,878
2012-08-24 18:00:00,850
2012-08-24 19:00:00,652
2012-08-24 20:00:00,411
2012-08-24 21:00:00,344
2012-08-24 22:00:00,240
2012-08-24 23:00:00,130
2012-08-25 00:00:00,145
2012-08-25 01:00:00,94
2012-08-25 02:00:00,97
2012-08-25 03:00:00,38
2012-08-25 04:00:00,14
2012-08-25 05:00:00,11
2012-08-25 06:00:00,17
2012-08-25 07:00:00,49
2012-08-25 08:00:00,143
2012-08-25 09:00:00,266
2012-08-25 10:00:00,386
2012-08-25 11:00:00,527
2012-08-25 12:00:00,473
2012-08-25 13:00:00,507
2012-08-25 14:00:00,363
2012-08-25 15:00:00,399
2012-08-25 16:00:00,373
2012-08-25 17:00:00,440
2012-08-25 18:00:00,379
2012-08-25 19:00:00,297
2012-08-25 20:00:00,148
2012-08-25 21:00:00,156
2012-08-25 22:00:00,108
2012-08-25 23:00:00,97
2012-08-26 00:00:00,147
2012-08-26 01:00:00,115
2012-08-26 02:00:00,92
2012-08-26 03:00:00,41
2012-08-26 04:00:00,13
2012-08-26 05:00:00,12
2012-08-26 06:00:00,27
2012-08-26 07:00:00,67
2012-08-26 08:00:00,124
2012-08-26 09:00:00,238
2012-08-26 10:00:00,378
2012-08-26 11:00:00,462
2012-08-26 12:00:00,312
2012-08-26 13:00:00,256
2012-08-26 14:00:00,307
2012-08-26 15:00:00,265
2012-08-26 16:00:00,259
2012-08-26 17:00:00,327
2012-08-26 18:00:00,250
2012-08-26 19:00:00,321
2012-08-26 20:00:00,271
2012-08-26 21:00:00,156
2012-08-26 22:00:00,135
2012-08-26 23:00:00,102
2012-08-27 00:00:00,30
2012-08-27 01:00:00,27
2012-08-27 02:00:00,13
2012-08-27 03:00:00,6
2012-08-27 04:00:00,6
2012-08-27 05:00:00,40
2012-08-27 06:00:00,144
2012-08-27 07:00:00,336
2012-08-27 08:00:00,567
2012-08-27 09:00:00,265
2012-08-27 10:00:00,244
2012-08-27 11:00:00,281
2012-08-27 12:00:00,318
2012-08-27 13:00:00,320
2012-08-27 14:00:00,286
2012-08-27 15:00:00,302
2012-08-27 16:00:00,400
2012-08-27 17:00:00,814
2012-08-27 18:00:00,733
2012-08-27 19:00:00,637
2012-08-27 20:00:00,510
2012-08-27 21:00:00,327
2012-08-27 22:00:00,207
2012-08-27 23:00:00,160
2012-08-28 00:00:00,46
2012-08-28 01:00:00,29
2012-08-28 02:00:00,10
2012-08-28 03:00:00,6
2012-08-28 04:00:00,8
2012-08-28 05:00:00,32
2012-08-28 06:00:00,179
2012-08-28 07:00:00,315
2012-08-28 08:00:00,508
2012-08-28 09:00:00,332
2012-08-28 10:00:00,215
2012-08-28 11:00:00,252
2012-08-28 12:00:00,298
2012-08-28 13:00:00,279
2012-08-28 14:00:00,275
2012-08-28 15:00:00,287
2012-08-28 16:00:00,384
2012-08-28 17:00:00,879
2012-08-28 18:00:00,732
2012-08-28 19:00:00,641
2012-08-28 20:00:00,462
2012-08-28 21:00:00,342
2012-08-28 22:00:00,280
2012-08-28 23:00:00,160
2012-08-29 00:00:00,49
2012-08-29 01:00:00,29
2012-08-29 02:00:00,8
2012-08-29 03:00:00,6
2012-08-29 04:00:00,8
2012-08-29 05:00:00,41
2012-08-29 06:00:00,170
2012-08-29 07:00:00,482
2012-08-29 08:00:00,762
2012-08-29 09:00:00,374
2012-08-29 10:00:00,233
2012-08-29 11:00:00,269
2012-08-29 12:00:00,324
2012-08-29 13:00:00,308
2012-08-29 14:00:00,303
2012-08-29 15:00:00,348
2012-08-29 16:00:00,471
2012-08-29 17:00:00,842
2012-08-29 18:00:00,838
2012-08-29 19:00:00,656
2012-08-29 20:00:00,416
2012-08-29 21:00:00,340
2012-08-29 22:00:00,270
2012-08-29 23:00:00,163
2012-08-30 00:00:00,47
2012-08-30 01:00:00,24
2012-08-30 02:00:00,8
2012-08-30 03:00:00,6
2012-08-30 04:00:00,8
2012-08-30 05:00:00,33
2012-08-30 06:00:00,150
2012-08-30 07:00:00,374
2012-08-30 08:00:00,625
2012-08-30 09:00:00,355
2012-08-30 10:00:00,212
2012-08-30 11:00:00,272
2012-08-30 12:00:00,335
2012-08-30 13:00:00,320
2012-08-30 14:00:00,302
2012-08-30 15:00:00,332
2012-08-30 16:00:00,456
2012-08-30 17:00:00,810
2012-08-30 18:00:00,813
2012-08-30 19:00:00,638
2012-08-30 20:00:00,476
2012-08-30 21:00:00,346
2012-08-30 22:00:00,225
2012-08-30 23:00:00,140
2012-08-31 00:00:00,46
2012-08-31 01:00:00,22
2012-08-31 02:00:00,13
2012-08-31 03:00:00,6
2012-08-31 04:00:00,9
2012-08-31 05:00:00,39
2012-08-31 06:00:00,169
2012-08-31 07:00:00,425
2012-08-31 08:00:00,582
2012-08-31 09:00:00,344
2012-08-31 10:00:00,245
2012-08-31 11:00:00,232
2012-08-31 12:00:00,296
2012-08-31 13:00:00,287
2012-08-31 14:00:00,287
2012-08-31 15:00:00,297
2012-08-31 16:00:00,388
2012-08-31 17:00:00,840
2012-08-31 18:00:00,751
2012-08-31 19:00:00,629
2012-08-31 20:00:00,440
2012-08-31 21:00:00,346
2012-08-31 22:00:00,268
2012-08-31 23:00:00,169
2012-09-20 00:00:00,49
2012-09-20 01:00:00,21
2012-09-20 02:00:00,13
2012-09-20 03:00:00,5
2012-09-20 04:00:00,6
2012-09-20 05:00:00,36
2012-09-20 06:00:00,140
2012-09-20 07:00:00,479
2012-09-20 08:00:00,768
2012-09-20 09:00:00,372
2012-09-20 10:00:00,221
2012-09-20 11:00:00,255
2012-09-20 12:00:00,328
2012-09-20 13:00:00,319
2012-09-20 14:00:00,299
2012-09-20 15:00:00,336
2012-09-20 16:00:00,468
2012-09-20 17:00:00,821
2012-09-20 18:00:00,727
2012-09-20 19:00:00,584
2012-09-20 20:00:00,361
2012-09-20 21:00:00,257
2012-09-20 22:00:00,187
2012-09-20 23:00:00,103
2012-09-21 00:00:00,46
2012-09-21 01:00:00,16
2012-09-21 02:00:00,14
2012-09-21 03:00:00,7
2012-09-21 04:00:00,9
2012-09-21 05:00:00,40
2012-09-21 06:00:00,160
2012-09-21 07:00:00,450
2012-09-21 08:00:00,604
2012-09-21 09:00:00,356
2012-09-21 10:00:00,212
2012-09-21 11:00:00,250
2012-09-21 12:00:00,335
2012-09-21 13:00:00,332
2012-09-21 14:00:00,288
2012-09-21 15:00:00,312
2012-09-21 16:00:00,448
2012-09-21 17:00:00,818
2012-09-21 18:00:00,782
2012-09-21 19:00:00,548
2012-09-21 20:00:00,375
2012-09-21 21:00:00,276
2012-09-21 22:00:00,196
2012-09-21 23:00:00,109
2012-09-22 00:00:00,126
2012-09-22 01:00:00,91
2012-09-22 02:00:00,76
2012-09-22 03:00:00,33
2012-09-22 04:00:00,9
2012-09-22 05:00:00,14
2012-09-22 06:00:00,23
2012-09-22 07:00:00,62
2012-09-22 08:00:00,132
2012-09-22 09:00:00,277
2012-09-22 10:00:00,350
2012-09-22 11:00:00,501
2012-09-22 12:00:00,591
2012-09-22 13:00:00,529
2012-09-22 14:00:00,568
2012-09-22 15:00:00,563
2012-09-22 16:00:00,527
2012-09-22 17:00:00,502
2012-09-22 18:00:00,500
2012-09-22 19:00:00,445
2012-09-22 20:00:00,369
2012-09-22 21:00:00,277
2012-09-22 22:00:00,225
2012-09-22 23:00:00,138
2012-09-23 00:00:00,164
2012-09-23 01:00:00,84
2012-09-23 02:00:00,73
2012-09-23 03:00:00,26
2012-09-23 04:00:00,9
2012-09-23 05:00:00,11
2012-09-23 06:00:00,31
2012-09-23 07:00:00,79
2012-09-23 08:00:00,176
2012-09-23 09:00:00,284
2012-09-23 10:00:00,377
2012-09-23 11:00:00,472
2012-09-23 12:00:00,570
2012-09-23 13:00:00,657
2012-09-23 14:00:00,612
2012-09-23 15:00:00,575
2012-09-23 16:00:00,533
2012-09-23 17:00:00,542
2012-09-23 18:00:00,453
2012-09-23 19:00:00,350
2012-09-23 20:00:00,292
2012-09-23 21:00:00,200
2012-09-23 22:00:00,194
2012-09-23 23:00:00,117
2012-09-24 00:00:00,46
2012-09-24 01:00:00,22
2012-09-24 02:00:00,10
2012-09-24 03:00:00,6
2012-09-24 04:00:00,6
2012-09-24 05:00:00,40
2012-09-24 06:00:00,153
2012-09-24 07:00:00,573
2012-09-24 08:00:00,840
2012-09-24 09:00:00,399
2012-09-24 10:00:00,203
2012-09-24 11:00:00,244
2012-09-24 12:00:00,321
2012-09-24 13:00:00,294
2012-09-24 14:00:00,277
2012-09-24 15:00:00,314
2012-09-24 16:00:00,425
2012-09-24 17:00:00,784
2012-09-24 18:00:00,728
2012-09-24 19:00:00,512
2012-09-24 20:00:00,374
2012-09-24 21:00:00,283
2012-09-24 22:00:00,229
2012-09-24 23:00:00,115
2012-09-25 00:00:00,62
2012-09-25 01:00:00,21
2012-09-25 02:00:00,10
2012-09-25 03:00:00,6
2012-09-25 04:00:00,6
2012-09-25 05:00:00,41
2012-09-25 06:00:00,149
2012-09-25 07:00:00,426
2012-09-25 08:00:00,819
2012-09-25 09:00:00,336
2012-09-25 10:00:00,203
2012-09-25 11:00:00,248
2012-09-25 12:00:00,335
2012-09-25 13:00:00,319
2012-09-25 14:00:00,305
2012-09-25 15:00:00,334
2012-09-25 16:00:00,447
2012-09-25 17:00:00,863
2012-09-25 18:00:00,771
2012-09-25 19:00:00,527
2012-09-25 20:00:00,371
2012-09-25 21:00:00,277
2012-09-25 22:00:00,227
2012-09-25 23:00:00,110
2012-09-26 00:00:00,47
2012-09-26 01:00:00,17
2012-09-26 02:00:00,5
2012-09-26 03:00:00,4
2012-09-26 04:00:00,6
2012-09-26 05:00:00,43
2012-09-26 06:00:00,155
2012-09-26 07:00:00,397
2012-09-26 08:00:00,585
2012-09-26 09:00:00,305
2012-09-26 10:00:00,232
2012-09-26 11:00:00,281
2012-09-26 12:00:00,327
2012-09-26 13:00:00,306
2012-09-26 14:00:00,283
2012-09-26 15:00:00,305
2012-09-26 16:00:00,415
2012-09-26 17:00:00,804
2012-09-26 18:00:00,775
2012-09-26 19:00:00,578
2012-09-26 20:00:00,376
2012-09-26 21:00:00,287
2012-09-26 22:00:00,143
2012-09-26 23:00:00,96
2012-09-27 00:00:00,46
2012-09-27 01:00:00,20
2012-09-27 02:00:00,9
2012-09-27 03:00:00,6
2012-09-27 04:00:00,9
2012-09-27 05:00:00,36
2012-09-27 06:00:00,147
2012-09-27 07:00:00,396
2012-09-27 08:00:00,608
2012-09-27 09:00:00,352
2012-09-27 10:00:00,221
2012-09-27 11:00:00,259
2012-09-27 12:00:00,324
2012-09-27 13:00:00,301
2012-09-27 14:00:00,291
2012-09-27 15:00:00,323
2012-09-27 16:00:00,342
2012-09-27 17:00:00,664
2012-09-27 18:00:00,695
2012-09-27 19:00:00,532
2012-09-27 20:00:00,362
2012-09-27 21:00:00,146
2012-09-27 22:00:00,115
2012-09-27 23:00:00,91
2012-09-28 00:00:00,42
2012-09-28 01:00:00,16
2012-09-28 02:00:00,9
2012-09-28 03:00:00,6
2012-09-28 04:00:00,6
2012-09-28 05:00:00,41
2012-09-28 06:00:00,117
2012-09-28 07:00:00,334
2012-09-28 08:00:00,715
2012-09-28 09:00:00,330
2012-09-28 10:00:00,172
2012-09-28 11:00:00,227
2012-09-28 12:00:00,338
2012-09-28 13:00:00,306
2012-09-28 14:00:00,292
2012-09-28 15:00:00,292
2012-09-28 16:00:00,415
2012-09-28 17:00:00,761
2012-09-28 18:00:00,752
2012-09-28 19:00:00,522
2012-09-28 20:00:00,338
2012-09-28 21:00:00,238
2012-09-28 22:00:00,184
2012-09-28 23:00:00,98
2012-09-29 00:00:00,104
2012-09-29 01:00:00,100
2012-09-29 02:00:00,58
2012-09-29 03:00:00,36
2012-09-29 04:00:00,12
2012-09-29 05:00:00,12
2012-09-29 06:00:00,29
2012-09-29 07:00:00,63
2012-09-29 08:00:00,156
2012-09-29 09:00:00,289
2012-09-29 10:00:00,357
2012-09-29 11:00:00,467
2012-09-29 12:00:00,613
2012-09-29 13:00:00,586
2012-09-29 14:00:00,576
2012-09-29 15:00:00,566
2012-09-29 16:00:00,569
2012-09-29 17:00:00,566
2012-09-29 18:00:00,416
2012-09-29 19:00:00,366
2012-09-29 20:00:00,303
2012-09-29 21:00:00,239
2012-09-29 22:00:00,171
2012-09-29 23:00:00,132
2012-09-30 00:00:00,123
2012-09-30 01:00:00,88
2012-09-30 02:00:00,74
2012-09-30 03:00:00,29
2012-09-30 04:00:00,9
2012-09-30 05:00:00,10
2012-09-30 06:00:00,23
2012-09-30 07:00:00,68
2012-09-30 08:00:00,136
2012-09-30 09:00:00,282
2012-09-30 10:00:00,404
2012-09-30 11:00:00,548
2012-09-30 12:00:00,613
2012-09-30 13:00:00,609
2012-09-30 14:00:00,589
2012-09-30 15:00:00,660
2012-09-30 16:00:00,592
2012-09-30 17:00:00,598
2012-09-30 18:00:00,425
2012-09-30 19:00:00,179
2012-09-30 20:00:00,113
2012-09-30 21:00:00,187
2012-09-30 22:00:00,146
2012-09-30 23:00:00,91
2012-10-20 00:00:00,113
2012-10-20 01:00:00,108
2012-10-20 02:00:00,72
2012-10-20 03:00:00,19
2012-10-20 04:00:00,9
2012-10-20 05:00:00,9
2012-10-20 06:00:00,25
2012-10-20 07:00:00,66
2012-10-20 08:00:00,140
2012-10-20 09:00:00,306
2012-10-20 10:00:00,371
2012-10-20 11:00:00,484
2012-10-20 12:00:00,562
2012-10-20 13:00:00,537
2012-10-20 14:00:00,540
2012-10-20 15:00:00,598
2012-10-20 16:00:00,511
2012-10-20 17:00:00,592
2012-10-20 18:00:00,413
2012-10-20 19:00:00,318
2012-10-20 20:00:00,257
2012-10-20 21:00:00,177
2012-10-20 22:00:00,153
2012-10-20 23:00:00,132
2012-10-21 00:00:00,150
2012-10-21 01:00:00,92
2012-10-21 02:00:00,73
2012-10-21 03:00:00,21
2012-10-21 04:00:00,9
2012-10-21 05:00:00,9
2012-10-21 06:00:00,26
2012-10-21 07:00:00,86
2012-10-21 08:00:00,133
2012-10-21 09:00:00,298
2012-10-21 10:00:00,379
2012-10-21 11:00:00,497
2012-10-21 12:00:00,542
2012-10-21 13:00:00,594
2012-10-21 14:00:00,571
2012-10-21 15:00:00,575
2012-10-21 16:00:00,557
2012-10-21 17:00:00,476
2012-10-21 18:00:00,433
2012-10-21 19:00:00,320
2012-10-21 20:00:00,261
2012-10-21 21:00:00,188
2012-10-21 22:00:00,176
2012-10-21 23:00:00,128
2012-10-22 00:00:00,64
2012-10-22 01:00:00,19
2012-10-22 02:00:00,13
2012-10-22 03:00:00,5
2012-10-22 04:00:00,8
2012-10-22 05:00:00,38
2012-10-22 06:00:00,142
2012-10-22 07:00:00,479
2012-10-22 08:00:00,638
2012-10-22 09:00:00,376
2012-10-22 10:00:00,214
2012-10-22 11:00:00,269
2012-10-22 12:00:00,335
2012-10-22 13:00:00,356
2012-10-22 14:00:00,322
2012-10-22 15:00:00,378
2012-10-22 16:00:00,496
2012-10-22 17:00:00,902
2012-10-22 18:00:00,674
2012-10-22 19:00:00,464
2012-10-22 20:00:00,373
2012-10-22 21:00:00,247
2012-10-22 22:00:00,147
2012-10-22 23:00:00,100
2012-10-23 00:00:00,52
2012-10-23 01:00:00,19
2012-10-23 02:00:00,11
2012-10-23 03:00:00,4
2012-10-23 04:00:00,7
2012-10-23 05:00:00,38
2012-10-23 06:00:00,129
2012-10-23 07:00:00,392
2012-10-23 08:00:00,661
2012-10-23 09:00:00,369
2012-10-23 10:00:00,226
2012-10-23 11:00:00,288
2012-10-23 12:00:00,321
2012-10-23 13:00:00,309
2012-10-23 14:00:00,304
2012-10-23 15:00:00,335
2012-10-23 16:00:00,459
2012-10-23 17:00:00,936
2012-10-23 18:00:00,792
2012-10-23 19:00:00,553
2012-10-23 20:00:00,377
2012-10-23 21:00:00,264
2012-10-23 22:00:00,184
2012-10-23 23:00:00,98
2012-10-24 00:00:00,49
2012-10-24 01:00:00,21
2012-10-24 02:00:00,12
2012-10-24 03:00:00,5
2012-10-24 04:00:00,8
2012-10-24 05:00:00,31
2012-10-24 06:00:00,113
2012-10-24 07:00:00,344
2012-10-24 08:00:00,594
2012-10-24 09:00:00,355
2012-10-24 10:00:00,180
2012-10-24 11:00:00,248
2012-10-24 12:00:00,341
2012-10-24 13:00:00,327
2012-10-24 14:00:00,318
2012-10-24 15:00:00,356
2012-10-24 16:00:00,510
2012-10-24 17:00:00,957
2012-10-24 18:00:00,842
2012-10-24 19:00:00,533
2012-10-24 20:00:00,387
2012-10-24 21:00:00,296
2012-10-24 22:00:00,210
2012-10-24 23:00:00,99
2012-10-25 00:00:00,53
2012-10-25 01:00:00,21
2012-10-25 02:00:00,11
2012-10-25 03:00:00,6
2012-10-25 04:00:00,8
2012-10-25 05:00:00,36
2012-10-25 06:00:00,173
2012-10-25 07:00:00,442
2012-10-25 08:00:00,654
2012-10-25 09:00:00,399
2012-10-25 10:00:00,159
2012-10-25 11:00:00,146
2012-10-25 12:00:00,213
2012-10-25 13:00:00,194
2012-10-25 14:00:00,245
2012-10-25 15:00:00,288
2012-10-25 16:00:00,371
2012-10-25 17:00:00,764
2012-10-25 18:00:00,309
2012-10-25 19:00:00,311
2012-10-25 20:00:00,290
2012-10-25 21:00:00,207
2012-10-25 22:00:00,133
2012-10-25 23:00:00,93
2012-10-26 00:00:00,40
2012-10-26 01:00:00,20
2012-10-26 02:00:00,12
2012-10-26 03:00:00,6
2012-10-26 04:00:00,8
2012-10-26 05:00:00,32
2012-10-26 06:00:00,145
2012-10-26 07:00:00,416
2012-10-26 08:00:00,657
2012-10-26 09:00:00,372
2012-10-26 10:00:00,176
2012-10-26 11:00:00,179
2012-10-26 12:00:00,268
2012-10-26 13:00:00,268
2012-10-26 14:00:00,264
2012-10-26 15:00:00,301
2012-10-26 16:00:00,368
2012-10-26 17:00:00,618
2012-10-26 18:00:00,461
2012-10-26 19:00:00,319
2012-10-26 20:00:00,255
2012-10-26 21:00:00,242
2012-10-26 22:00:00,130
2012-10-26 23:00:00,109
2012-10-27 00:00:00,94
2012-10-27 01:00:00,78
2012-10-27 02:00:00,60
2012-10-27 03:00:00,22
2012-10-27 04:00:00,10
2012-10-27 05:00:00,12
2012-10-27 06:00:00,23
2012-10-27 07:00:00,58
2012-10-27 08:00:00,119
2012-10-27 09:00:00,223
2012-10-27 10:00:00,347
2012-10-27 11:00:00,435
2012-10-27 12:00:00,640
2012-10-27 13:00:00,665
2012-10-27 14:00:00,596
2012-10-27 15:00:00,480
2012-10-27 16:00:00,441
2012-10-27 17:00:00,514
2012-10-27 18:00:00,443
2012-10-27 19:00:00,289
2012-10-27 20:00:00,219
2012-10-27 21:00:00,168
2012-10-27 22:00:00,125
2012-10-27 23:00:00,72
2012-10-28 00:00:00,50
2012-10-28 01:00:00,76
2012-10-28 02:00:00,46
2012-10-28 03:00:00,20
2012-10-28 04:00:00,12
2012-10-28 05:00:00,11
2012-10-28 06:00:00,31
2012-10-28 07:00:00,63
2012-10-28 08:00:00,145
2012-10-28 09:00:00,285
2012-10-28 10:00:00,299
2012-10-28 11:00:00,435
2012-10-28 12:00:00,496
2012-10-28 13:00:00,464
2012-10-28 14:00:00,487
2012-10-28 15:00:00,399
2012-10-28 16:00:00,231
2012-10-28 17:00:00,234
2012-10-28 18:00:00,151
2012-10-28 19:00:00,157
2012-10-28 20:00:00,119
2012-10-28 21:00:00,78
2012-10-28 22:00:00,85
2012-10-28 23:00:00,70
2012-10-29 00:00:00,34
2012-10-30 13:00:00,92
2012-10-30 14:00:00,83
2012-10-30 15:00:00,116
2012-10-30 16:00:00,185
2012-10-30 17:00:00,261
2012-10-30 18:00:00,197
2012-10-30 19:00:00,499
2012-10-30 20:00:00,227
2012-10-30 21:00:00,172
2012-10-30 22:00:00,123
2012-10-30 23:00:00,87
2012-10-31 00:00:00,40
2012-10-31 01:00:00,17
2012-10-31 02:00:00,7
2012-10-31 03:00:00,3
2012-10-31 04:00:00,8
2012-10-31 05:00:00,35
2012-10-31 06:00:00,106
2012-10-31 07:00:00,347
2012-10-31 08:00:00,588
2012-10-31 09:00:00,321
2012-10-31 10:00:00,194
2012-10-31 11:00:00,208
2012-10-31 12:00:00,299
2012-10-31 13:00:00,267
2012-10-31 14:00:00,211
2012-10-31 15:00:00,262
2012-10-31 16:00:00,330
2012-10-31 17:00:00,632
2012-10-31 18:00:00,577
2012-10-31 19:00:00,379
2012-10-31 20:00:00,300
2012-10-31 21:00:00,210
2012-10-31 22:00:00,179
2012-10-31 23:00:00,115
2012-11-20 00:00:00,49
2012-11-20 01:00:00,16
2012-11-20 02:00:00,8
2012-11-20 03:00:00,3
2012-11-20 04:00:00,9
2012-11-20 05:00:00,33
2012-11-20 06:00:00,129
2012-11-20 07:00:00,422
2012-11-20 08:00:00,627
2012-11-20 09:00:00,299
2012-11-20 10:00:00,168
2012-11-20 11:00:00,192
2012-11-20 12:00:00,224
2012-11-20 13:00:00,222
2012-11-20 14:00:00,221
2012-11-20 15:00:00,287
2012-11-20 16:00:00,341
2012-11-20 17:00:00,517
2012-11-20 18:00:00,522
2012-11-20 19:00:00,320
2012-11-20 20:00:00,218
2012-11-20 21:00:00,189
2012-11-20 22:00:00,140
2012-11-20 23:00:00,101
2012-11-21 00:00:00,34
2012-11-21 01:00:00,19
2012-11-21 02:00:00,8
2012-11-21 03:00:00,3
2012-11-21 04:00:00,6
2012-11-21 05:00:00,31
2012-11-21 06:00:00,112
2012-11-21 07:00:00,439
2012-11-21 08:00:00,701
2012-11-21 09:00:00,311
2012-11-21 10:00:00,167
2012-11-21 11:00:00,222
2012-11-21 12:00:00,292
2012-11-21 13:00:00,277
2012-11-21 14:00:00,279
2012-11-21 15:00:00,319
2012-11-21 16:00:00,377
2012-11-21 17:00:00,609
2012-11-21 18:00:00,584
2012-11-21 19:00:00,386
2012-11-21 20:00:00,245
2012-11-21 21:00:00,201
2012-11-21 22:00:00,140
2012-11-21 23:00:00,122
2012-11-22 00:00:00,74
2012-11-22 01:00:00,51
2012-11-22 02:00:00,40
2012-11-22 03:00:00,14
2012-11-22 04:00:00,10
2012-11-22 05:00:00,10
2012-11-22 06:00:00,18
2012-11-22 07:00:00,50
2012-11-22 08:00:00,112
2012-11-22 09:00:00,123
2012-11-22 10:00:00,178
2012-11-22 11:00:00,294
2012-11-22 12:00:00,282
2012-11-22 13:00:00,321
2012-11-22 14:00:00,299
2012-11-22 15:00:00,328
2012-11-22 16:00:00,291
2012-11-22 17:00:00,267
2012-11-22 18:00:00,203
2012-11-22 19:00:00,158
2012-11-22 20:00:00,164
2012-11-22 21:00:00,95
2012-11-22 22:00:00,76
2012-11-22 23:00:00,87
2012-11-23 00:00:00,29
2012-11-23 01:00:00,18
2012-11-23 02:00:00,7
2012-11-23 03:00:00,2
2012-11-23 04:00:00,7
2012-11-23 05:00:00,34
2012-11-23 06:00:00,123
2012-11-23 07:00:00,449
2012-11-23 08:00:00,642
2012-11-23 09:00:00,306
2012-11-23 10:00:00,161
2012-11-23 11:00:00,222
2012-11-23 12:00:00,279
2012-11-23 13:00:00,296
2012-11-23 14:00:00,271
2012-11-23 15:00:00,313
2012-11-23 16:00:00,452
2012-11-23 17:00:00,828
2012-11-23 18:00:00,677
2012-11-23 19:00:00,452
2012-11-23 20:00:00,335
2012-11-23 21:00:00,227
2012-11-23 22:00:00,172
2012-11-23 23:00:00,99
2012-11-24 00:00:00,121
2012-11-24 01:00:00,61
2012-11-24 02:00:00,54
2012-11-24 03:00:00,24
2012-11-24 04:00:00,12
2012-11-24 05:00:00,9
2012-11-24 06:00:00,21
2012-11-24 07:00:00,39
2012-11-24 08:00:00,109
2012-11-24 09:00:00,190
2012-11-24 10:00:00,281
2012-11-24 11:00:00,341
2012-11-24 12:00:00,375
2012-11-24 13:00:00,400
2012-11-24 14:00:00,347
2012-11-24 15:00:00,351
2012-11-24 16:00:00,335
2012-11-24 17:00:00,257
2012-11-24 18:00:00,223
2012-11-24 19:00:00,180
2012-11-24 20:00:00,137
2012-11-24 21:00:00,95
2012-11-24 22:00:00,95
2012-11-24 23:00:00,92
2012-11-25 00:00:00,69
2012-11-25 01:00:00,79
2012-11-25 02:00:00,73
2012-11-25 03:00:00,19
2012-11-25 04:00:00,10
2012-11-25 05:00:00,9
2012-11-25 06:00:00,16
2012-11-25 07:00:00,28
2012-11-25 08:00:00,94
2012-11-25 09:00:00,161
2012-11-25 10:00:00,231
2012-11-25 11:00:00,312
2012-11-25 12:00:00,385
2012-11-25 13:00:00,331
2012-11-25 14:00:00,309
2012-11-25 15:00:00,296
2012-11-25 16:00:00,319
2012-11-25 17:00:00,200
2012-11-25 18:00:00,190
2012-11-25 19:00:00,165
2012-11-25 20:00:00,130
2012-11-25 21:00:00,103
2012-11-25 22:00:00,118
2012-11-25 23:00:00,85
2012-11-26 00:00:00,25
2012-11-26 01:00:00,13
2012-11-26 02:00:00,6
2012-11-26 03:00:00,4
2012-11-26 04:00:00,6
2012-11-26 05:00:00,34
2012-11-26 06:00:00,98
2012-11-26 07:00:00,348
2012-11-26 08:00:00,556
2012-11-26 09:00:00,306
2012-11-26 10:00:00,156
2012-11-26 11:00:00,223
2012-11-26 12:00:00,281
2012-11-26 13:00:00,265
2012-11-26 14:00:00,233
2012-11-26 15:00:00,288
2012-11-26 16:00:00,327
2012-11-26 17:00:00,642
2012-11-26 18:00:00,491
2012-11-26 19:00:00,305
2012-11-26 20:00:00,239
2012-11-26 21:00:00,184
2012-11-26 22:00:00,141
2012-11-26 23:00:00,106
2012-11-27 00:00:00,49
2012-11-27 01:00:00,16
2012-11-27 02:00:00,8
2012-11-27 03:00:00,2
2012-11-27 04:00:00,6
2012-11-27 05:00:00,41
2012-11-27 06:00:00,118
2012-11-27 07:00:00,189
2012-11-27 08:00:00,279
2012-11-27 09:00:00,316
2012-11-27 10:00:00,65
2012-11-27 11:00:00,90
2012-11-27 12:00:00,82
2012-11-27 13:00:00,95
2012-11-27 14:00:00,84
2012-11-27 15:00:00,194
2012-11-27 16:00:00,259
2012-11-27 17:00:00,436
2012-11-27 18:00:00,282
2012-11-27 19:00:00,299
2012-11-27 20:00:00,233
2012-11-27 21:00:00,125
2012-11-27 22:00:00,116
2012-11-27 23:00:00,77
2012-11-28 00:00:00,25
2012-11-28 01:00:00,14
2012-11-28 02:00:00,10
2012-11-28 03:00:00,4
2012-11-28 04:00:00,7
2012-11-28 05:00:00,31
2012-11-28 06:00:00,142
2012-11-28 07:00:00,405
2012-11-28 08:00:00,755
2012-11-28 09:00:00,296
2012-11-28 10:00:00,167
2012-11-28 11:00:00,179
2012-11-28 12:00:00,232
2012-11-28 13:00:00,236
2012-11-28 14:00:00,203
2012-11-28 15:00:00,244
2012-11-28 16:00:00,305
2012-11-28 17:00:00,533
2012-11-28 18:00:00,416
2012-11-28 19:00:00,375
2012-11-28 20:00:00,243
2012-11-28 21:00:00,183
2012-11-28 22:00:00,130
2012-11-28 23:00:00,99
2012-11-29 00:00:00,34
2012-11-29 01:00:00,17
2012-11-29 02:00:00,5
2012-11-29 04:00:00,6
2012-11-29 05:00:00,32
2012-11-29 06:00:00,98
2012-11-29 07:00:00,353
2012-11-29 08:00:00,639
2012-11-29 09:00:00,306
2012-11-29 10:00:00,115
2012-11-29 11:00:00,201
2012-11-29 12:00:00,258
2012-11-29 13:00:00,266
2012-11-29 14:00:00,209
2012-11-29 15:00:00,251
2012-11-29 16:00:00,321
2012-11-29 17:00:00,560
2012-11-29 18:00:00,438
2012-11-29 19:00:00,329
2012-11-29 20:00:00,238
2012-11-29 21:00:00,131
2012-11-29 22:00:00,111
2012-11-29 23:00:00,112
2012-11-30 00:00:00,34
2012-11-30 01:00:00,17
2012-11-30 02:00:00,8
2012-11-30 03:00:00,4
2012-11-30 04:00:00,6
2012-11-30 05:00:00,33
2012-11-30 06:00:00,95
2012-11-30 07:00:00,382
2012-11-30 08:00:00,617
2012-11-30 09:00:00,305
2012-11-30 10:00:00,127
2012-11-30 11:00:00,177
2012-11-30 12:00:00,246
2012-11-30 13:00:00,239
2012-11-30 14:00:00,224
2012-11-30 15:00:00,281
2012-11-30 16:00:00,351
2012-11-30 17:00:00,544
2012-11-30 18:00:00,410
2012-11-30 19:00:00,264
2012-11-30 20:00:00,203
2012-11-30 21:00:00,180
2012-11-30 22:00:00,132
2012-11-30 23:00:00,120
2012-12-20 00:00:00,45
2012-12-20 01:00:00,13
2012-12-20 02:00:00,7
2012-12-20 03:00:00,3
2012-12-20 04:00:00,6
2012-12-20 05:00:00,32
2012-12-20 06:00:00,91
2012-12-20 07:00:00,308
2012-12-20 08:00:00,491
2012-12-20 09:00:00,257
2012-12-20 10:00:00,141
2012-12-20 11:00:00,178
2012-12-20 12:00:00,228
2012-12-20 13:00:00,211
2012-12-20 14:00:00,186
2012-12-20 15:00:00,192
2012-12-20 16:00:00,263
2012-12-20 17:00:00,472
2012-12-20 18:00:00,478
2012-12-20 19:00:00,160
2012-12-20 20:00:00,120
2012-12-20 21:00:00,89
2012-12-20 22:00:00,102
2012-12-20 23:00:00,51
2012-12-21 00:00:00,20
2012-12-21 01:00:00,8
2012-12-21 02:00:00,5
2012-12-21 03:00:00,3
2012-12-21 04:00:00,3
2012-12-21 05:00:00,18
2012-12-21 06:00:00,57
2012-12-21 07:00:00,265
2012-12-21 08:00:00,470
2012-12-21 09:00:00,243
2012-12-21 10:00:00,113
2012-12-21 11:00:00,136
2012-12-21 12:00:00,174
2012-12-21 13:00:00,146
2012-12-21 14:00:00,134
2012-12-21 15:00:00,148
2012-12-21 16:00:00,212
2012-12-21 17:00:00,273
2012-12-21 18:00:00,267
2012-12-21 19:00:00,248
2012-12-21 20:00:00,167
2012-12-21 21:00:00,123
2012-12-21 22:00:00,97
2012-12-21 23:00:00,54
2012-12-22 00:00:00,42
2012-12-22 01:00:00,39
2012-12-22 02:00:00,35
2012-12-22 03:00:00,17
2012-12-22 04:00:00,5
2012-12-22 05:00:00,4
2012-12-22 06:00:00,9
2012-12-22 07:00:00,35
2012-12-22 08:00:00,78
2012-12-22 09:00:00,127
2012-12-22 10:00:00,194
2012-12-22 11:00:00,233
2012-12-22 12:00:00,265
2012-12-22 13:00:00,277
2012-12-22 14:00:00,252
2012-12-22 15:00:00,250
2012-12-22 16:00:00,229
2012-12-22 17:00:00,159
2012-12-22 18:00:00,126
2012-12-22 19:00:00,116
2012-12-22 20:00:00,95
2012-12-22 21:00:00,65
2012-12-22 22:00:00,61
2012-12-22 23:00:00,39
2012-12-23 00:00:00,36
2012-12-23 01:00:00,46
2012-12-23 02:00:00,30
2012-12-23 03:00:00,15
2012-12-23 04:00:00,5
2012-12-23 05:00:00,4
2012-12-23 06:00:00,9
2012-12-23 07:00:00,26
2012-12-23 08:00:00,53
2012-12-23 09:00:00,125
2012-12-23 10:00:00,146
2012-12-23 11:00:00,185
2012-12-23 12:00:00,258
2012-12-23 13:00:00,286
2012-12-23 14:00:00,294
2012-12-23 15:00:00,317
2012-12-23 16:00:00,263
2012-12-23 17:00:00,193
2012-12-23 18:00:00,142
2012-12-23 19:00:00,132
2012-12-23 20:00:00,96
2012-12-23 21:00:00,78
2012-12-23 22:00:00,96
2012-12-23 23:00:00,63
2012-12-24 00:00:00,15
2012-12-24 01:00:00,7
2012-12-24 02:00:00,5
2012-12-24 03:00:00,3
2012-12-24 05:00:00,20
2012-12-24 06:00:00,66
2012-12-24 07:00:00,205
2012-12-24 08:00:00,405
2012-12-24 09:00:00,242
2012-12-24 10:00:00,92
2012-12-24 11:00:00,122
2012-12-24 12:00:00,128
2012-12-24 13:00:00,75
2012-12-24 14:00:00,73
2012-12-24 15:00:00,81
2012-12-24 16:00:00,130
2012-12-24 17:00:00,273
2012-12-24 18:00:00,199
2012-12-24 19:00:00,271
2012-12-24 20:00:00,163
2012-12-24 21:00:00,91
2012-12-24 22:00:00,91
2012-12-24 23:00:00,48
2012-12-25 00:00:00,38
2012-12-25 01:00:00,60
2012-12-25 02:00:00,43
2012-12-25 04:00:00,7
2012-12-25 05:00:00,9
2012-12-25 06:00:00,16
2012-12-25 07:00:00,34
2012-12-25 08:00:00,104
2012-12-25 09:00:00,189
2012-12-25 10:00:00,236
2012-12-25 11:00:00,227
2012-12-25 12:00:00,263
2012-12-25 13:00:00,179
2012-12-25 14:00:00,205
2012-12-25 15:00:00,169
2012-12-25 16:00:00,188
2012-12-25 17:00:00,173
2012-12-25 18:00:00,179
2012-12-25 19:00:00,181
2012-12-25 20:00:00,115
2012-12-25 21:00:00,109
2012-12-25 22:00:00,89
2012-12-25 23:00:00,41
2012-12-26 00:00:00,16
2012-12-26 01:00:00,4
2012-12-26 02:00:00,4
2012-12-26 03:00:00,2
2012-12-26 04:00:00,2
2012-12-26 05:00:00,16
2012-12-26 06:00:00,72
2012-12-26 07:00:00,133
2012-12-26 08:00:00,302
2012-12-26 09:00:00,139
2012-12-26 10:00:00,79
2012-12-26 11:00:00,59
2012-12-26 12:00:00,70
2012-12-26 13:00:00,67
2012-12-26 14:00:00,100
2012-12-26 15:00:00,67
2012-12-26 16:00:00,104
2012-12-26 17:00:00,202
2012-12-26 18:00:00,184
2012-12-26 19:00:00,169
2012-12-26 20:00:00,119
2012-12-26 21:00:00,129
2012-12-26 22:00:00,57
2012-12-26 23:00:00,32
2012-12-27 00:00:00,9
2012-12-27 01:00:00,5
2012-12-27 02:00:00,4
2012-12-27 03:00:00,3
2012-12-27 04:00:00,3
2012-12-27 05:00:00,18
2012-12-27 06:00:00,58
2012-12-27 07:00:00,277
2012-12-27 08:00:00,477
2012-12-27 09:00:00,253
2012-12-27 10:00:00,116
2012-12-27 11:00:00,103
2012-12-27 12:00:00,139
2012-12-27 13:00:00,134
2012-12-27 14:00:00,95
2012-12-27 15:00:00,108
2012-12-27 16:00:00,180
2012-12-27 17:00:00,303
2012-12-27 18:00:00,260
2012-12-27 19:00:00,235
2012-12-27 20:00:00,162
2012-12-27 21:00:00,109
2012-12-27 22:00:00,73
2012-12-27 23:00:00,47
2012-12-28 00:00:00,18
2012-12-28 01:00:00,8
2012-12-28 02:00:00,6
2012-12-28 03:00:00,3
2012-12-28 04:00:00,4
2012-12-28 05:00:00,19
2012-12-28 06:00:00,74
2012-12-28 07:00:00,234
2012-12-28 08:00:00,589
2012-12-28 09:00:00,241
2012-12-28 10:00:00,128
2012-12-28 11:00:00,119
2012-12-28 12:00:00,139
2012-12-28 13:00:00,129
2012-12-28 14:00:00,111
2012-12-28 15:00:00,117
2012-12-28 16:00:00,179
2012-12-28 17:00:00,299
2012-12-28 18:00:00,276
2012-12-28 19:00:00,219
2012-12-28 20:00:00,138
2012-12-28 21:00:00,112
2012-12-28 22:00:00,81
2012-12-28 23:00:00,47
2012-12-29 00:00:00,43
2012-12-29 01:00:00,52
2012-12-29 02:00:00,39
2012-12-29 03:00:00,23
2012-12-29 04:00:00,6
2012-12-29 05:00:00,5
2012-12-29 06:00:00,6
2012-12-29 07:00:00,32
2012-12-29 08:00:00,70
2012-12-29 09:00:00,137
2012-12-29 10:00:00,118
2012-12-29 11:00:00,136
2012-12-29 12:00:00,139
2012-12-29 13:00:00,132
2012-12-29 14:00:00,216
2012-12-29 15:00:00,227
2012-12-29 16:00:00,271
2012-12-29 17:00:00,176
2012-12-29 18:00:00,177
2012-12-29 19:00:00,163
2012-12-29 20:00:00,89
2012-12-29 21:00:00,67
2012-12-29 22:00:00,62
2012-12-29 23:00:00,64
2012-12-30 00:00:00,53
2012-12-30 01:00:00,28
2012-12-30 02:00:00,43
2012-12-30 03:00:00,13
2012-12-30 04:00:00,5
2012-12-30 05:00:00,4
2012-12-30 06:00:00,6
2012-12-30 07:00:00,21
2012-12-30 08:00:00,53
2012-12-30 09:00:00,89
2012-12-30 10:00:00,170
2012-12-30 11:00:00,243
2012-12-30 12:00:00,218
2012-12-30 13:00:00,257
2012-12-30 14:00:00,241
2012-12-30 15:00:00,246
2012-12-30 16:00:00,215
2012-12-30 17:00:00,179
2012-12-30 18:00:00,119
2012-12-30 19:00:00,153
2012-12-30 20:00:00,90
2012-12-30 21:00:00,64
2012-12-30 22:00:00,72
2012-12-30 23:00:00,37
2012-12-31 00:00:00,19
2012-12-31 01:00:00,9
2012-12-31 02:00:00,4
2012-12-31 03:00:00,4
2012-12-31 04:00:00,3
2012-12-31 05:00:00,17
2012-12-31 06:00:00,68
2012-12-31 07:00:00,251
2012-12-31 08:00:00,412
2012-12-31 09:00:00,269
2012-12-31 10:00:00,108
2012-12-31 11:00:00,112
2012-12-31 12:00:00,130
2012-12-31 13:00:00,143
2012-12-31 14:00:00,113
2012-12-31 15:00:00,118
2012-12-31 16:00:00,195
2012-12-31 17:00:00,278
2012-12-31 18:00:00,275
2012-12-31 19:00:00,248
2012-12-31 20:00:00,159
2012-12-31 21:00:00,126
2012-12-31 22:00:00,107
2012-12-31 23:00:00,49
